orig_label	(04) H3K4me3	(12) internal introns	(08) 5' flanking (1-1000 bp)	(15) 3' flanking (1-1000 bp)	(14) terminal intron	(06) H3K4me1	(05) H3K27ac	(03) H3K36me3	(02) H3K27me3	(09) initial exon	(13) terminal exon	(07) 5' flanking (1000-10000 bp)	(10) initial intron	(01) H3K9me3	(16) 3' flanking (1000-10000 bp)	(11) internal exons
10_EnhA2	0.8190354913348563	-0.08171221540747801	2.4185997913793997	0.4159554583436659	0.259507793753104	1.1485297496225957	1.6291226152320306	0.455648122646447	0.2637523762754368	2.0602426682895825	0.32213234673483077	2.1642156940927335	1.3135553129204436	0.5592561807623122	0.4616702850791389	-0.35623292974092885
16_ReprPC	0.6868917270734286	0.1728296522057453	2.207840800526869	1.114967560550238	1.5301483763290613	0.6325194001729911	0.18872185243402403	0.5016327845302835	1.8135231182239433	2.232524427968822	1.1759421786307274	2.29938261693142	2.329652002605005	0.6339688549229909	1.031855586493429	0.6166827389402311
9_EnhA1	0.9910967007105357	-0.26771645228822305	0.09245868347002242	0.40007813179259977	0.25920054232880935	2.1947424684725925	2.3828586545885133	0.681485022259065	0.3186518603864874	0.07424086990355501	0.25125008451274367	0.2796091634463283	0.48704787876324573	0.6965544143380208	0.5010928234602688	-0.41403852710700567
4_TssFlnkD	1.383026057113651	0.720206593535509	1.564471179403711	0.8543610145801561	1.14097479243731	2.025510124126124	1.1991147188965194	0.6125143010046051	0.5107019083112094	1.658301532742402	0.9819501933343324	2.1128750061862522	2.549300795469349	0.6792364953306935	0.8117716829267803	1.1741063082681904
2_TssFlnk	1.4489392832548267	0.29443892813072764	3.777808265264667	0.6613816429030561	0.809063540525157	1.1484392906820469	0.9628238170105387	0.4570253772289663	0.4443002530910984	3.208471489586242	0.7244903046914571	3.3729709337932974	3.012128443231912	0.5440943526918963	0.5895945207893823	0.6588876278116647
7_EnhG1	0.8556949162258897	2.2685466367117733	0.1493187882222262	1.34051275753097	1.9446277918137218	1.5856096925512988	1.1106904495116776	1.460587637551095	0.2997260372370118	0.15206234346907077	1.5595987692882658	0.004525070238791161	0.5819515553411264	0.5931371251824468	1.2621042107049192	2.382120559552874
1_TssA	2.2431634263557063	0.14177553157387401	4.602423254685755	1.2335297298076182	1.299989700519239	0.8335528355911531	3.015716853299396	0.4721123109413712	0.33860960503755777	4.736918970736908	1.3999811305395045	4.34272374730577	3.9530122045567673	0.5815645504887967	1.2328528732662865	1.1291827762648845
12_ZNF/Rpts	0.7545065437853603	-0.43946058600436366	0.3935835083541069	0.4939886103496992	0.3738918097686553	0.5851390604662985	0.39479038625582713	0.7594273993667702	0.4852060651058623	0.41046650108029015	0.6709358401208638	0.3107111667891794	0.356712294926264	1.500634985419739	0.41660337995848173	-0.32206946496134264
15_EnhBiv	0.9576862498926916	0.636318463977526	2.927127591278621	1.4001535455228415	1.9509979452947375	1.788791407114996	0.3313149909182111	0.5736501746433981	1.735808284506019	2.8948982847549174	1.594326499717144	2.8690594472423423	2.7387499474834653	0.6908801542397867	1.4244121652266875	0.9822008603113477
11_EnhWk	0.8071098311420163	0.01591803156761608	0.3177857218507102	0.4316057768376985	0.5200588374372141	1.773869969763874	0.8671642400976165	0.5818017338991024	0.46435591409202753	0.2967642701861073	0.44329586852935643	0.4272916147723168	0.9691705696582338	0.587378125041065	0.4686226621195177	0.08043754544697103
14_TssBiv	1.5784178760475085	0.26719383930885277	3.8553249420167157	1.0831072070710193	2.0859859417169613	1.7531152477131358	0.4819183394639865	0.5899330744007496	1.880436909188744	4.019392412347245	1.6677189554503322	3.9477384560740685	3.2887365993703757	0.7517163821079852	0.9910286710977367	1.0822110906499143
13_Het	0.6369697645743357	-1.2688303039074542	-0.23179053541587816	-0.05573689101992987	-0.4163673563461244	0.3524669077991758	0.21640305376727947	0.3779450433560361	0.4493710462081869	-0.24390396112524368	-0.11737536935547696	-0.18872933227152244	-0.3294516894992793	0.8159327725439232	-0.024606676592229784	-1.342913755650742
8_EnhG2	1.243838172264582	2.215100999758671	0.5577170608962457	1.6919026825151602	1.9608568294023545	2.2263441497110144	2.358322113729416	1.5365819244555001	0.33090288967703113	0.5805639205009079	1.805336078731115	0.5772921272023634	0.7475462950983477	0.7664397008484021	1.6100977110768224	2.3321443046693187
5_Tx	0.624867875396472	2.72934991874189	-0.08920827617423141	1.3171959619035318	1.943528062681747	0.522746803836621	0.4411018503567503	1.4497876540256622	0.2716676083846273	-0.08863056331395854	1.5093391079379916	-0.14027199089671719	-0.5391027975525331	0.4543652388136148	1.2552648234284027	2.7410786437701087
17_ReprPCWk	0.6130219692326376	-0.09593153257614985	0.08734816872821978	0.17408540893809396	0.1966032223464704	0.3944004796570306	0.1831062280836727	0.3680786368610036	1.0408288477715513	0.09468457772124433	0.14578624246135705	0.1042406367315882	0.3319174570903213	0.44460959382294674	0.18165874991489556	-0.0643027496391859
6_TxWk	0.5999012814342917	1.2787539448985727	-0.21960468235443342	0.8015591962094848	0.8770279692632481	0.5513919364701483	0.38528041669083146	0.7308442388461512	0.2976948881249852	-0.2158351663371562	0.691163822626458	-0.1385524271901935	0.39848907735482686	0.4350304063468068	0.8223997000817244	1.1038090329537669
3_TssFlnkU	1.6143294935525858	0.27296779119650366	1.50873772232933	0.9376983058728087	0.8682296543930004	2.229870336430242	2.9440192121567588	0.6593322213151096	0.36353773407491347	1.5610370158239406	0.9615296014381987	2.287373663772088	2.1483987563230738	0.6886595818136403	0.8975004038586427	0.6361055826173132
18_Quies	0.5214756062939565	-0.9621422826436159	-0.7155340096436527	-0.4778560434048716	-0.6855433934058922	0.27920549152308793	0.1550613485726373	0.2526050341156658	0.4610913484476848	-0.71309090419043	-0.4971698772248857	-0.7016077977658155	-0.8175095989752128	0.38690085438531263	-0.47171995161577274	-0.9549544856664322
