orig_label	(04) H3K4me3	(12) internal introns	(08) 5' flanking (1-1000 bp)	(15) 3' flanking (1-1000 bp)	(14) terminal intron	(06) H3K4me1	(05) H3K27ac	(03) H3K36me3	(02) H3K27me3	(09) initial exon	(13) terminal exon	(07) 5' flanking (1000-10000 bp)	(10) initial intron	(01) H3K9me3	(16) 3' flanking (1000-10000 bp)	(11) internal exons
Low5	0.6217835505299125	-1.2239992251862004	-1.1867879012567024	-0.5632950549583833	-1.0343734183933362	0.29516352730563333	0.16995752105010298	0.22011819763643756	0.44573028619324	-1.3282141406241694	-0.9337136926904273	-0.9228876011022784	-1.1156321048333198	0.5204378538356338	-0.6182030949377634	-1.55461382682757
EnhWf	0.8063402083743849	-0.16435797135575705	-0.19068701588585887	0.18145287959779108	0.022388727210462346	1.471901758785301	0.9241946650718023	0.49105637171645344	0.3671331869521595	-0.1136845542901584	0.015702413887638503	0.05723283562299833	0.9069469914596602	0.6591627429406738	0.09984037490060985	-0.20186875247916236
Low2	0.6750593613633729	-0.530533666410408	-0.46567023099147564	0.004167138295255123	-0.36206844253088866	0.7648122591360198	0.378785677437089	0.41373451074761236	0.4117474277384334	-0.4479118408248955	-0.1407893528314944	-0.42406440005700297	-0.13954147673851489	0.590175691965259	-0.13366831187554956	-0.5993763543176446
Low3	0.6333373519144797	-0.6676885990053956	-0.4366556098137575	-0.13448601638762336	-0.30619994207776957	0.6908312961293823	0.34280697549230643	0.4033373117874833	0.4823707807906229	-0.40409661338611225	-0.1070697424418689	-0.45571823145991275	-0.28587713965712813	0.5292446609333027	-0.11449842027871875	-0.7627205033688899
Gen3'	0.5050340639533046	2.7030546724985673	0.9157000831519629	1.7182421877292404	2.454454011424734	0.5646353392944438	0.4148341756020816	1.6571281522670984	0.2669330384301493	0.8871601357083934	2.175198775192477	0.5878195339316526	0.6094883904201425	0.35084856252557145	2.1179190684781153	2.9145303781747147
Repr3	0.6523881904219504	-0.5495508434790434	-0.05183228678714547	-0.17788321501174106	-0.2556854078110544	0.3610299132826216	0.19249658270171827	0.4393267257395829	0.9937918124167808	0.05355301899083711	0.1267997747628242	-0.24279421988220476	-0.23521817442419457	0.48236659983924773	-0.2455609609698407	-0.20820582476555077
CtcfO	0.6739449632484091	0.862794476811336	2.6243863262210665	1.0914371576299893	1.1396199004639633	1.0419908579795938	0.5236772125079097	0.4798921740640175	0.4564268668222972	1.5525672742343495	1.00806956706569	2.2359475574734358	0.9333984819754423	0.4787557133799371	1.2155942034702947	1.0083509707821845
Enh	1.3655076164198947	0.29507342716231644	1.7463665361799374	0.9060459693029359	0.8043913484456613	2.2575030882484475	2.826046519437669	0.7531718706092552	0.3330776165194791	1.3451992517507678	0.9122509573522506	1.9344028289831243	1.0352081058923412	0.6095554492182649	0.960359161816786	0.49514130253989364
Low6	0.45789306803867275	0.16534444285237931	0.16324873368891166	0.3399752807464823	0.2899564027071012	0.2285276767465508	0.13047354752333654	0.28521097605519674	0.4420660304788892	0.10803341854529772	0.2661341998926521	0.11888499696767382	0.17581540361734	0.3539806003737058	0.26524004360002473	0.08585859292663629
Repr4	0.6490974897309696	-0.7046468381896748	-0.24300712052658072	-0.26331826084348914	-0.3572247710416241	0.277823927538574	0.16112715876250194	0.41382109636146436	0.8683267543748331	-0.18307074013304978	-0.0003623537912404662	-0.4693239295443243	-0.4701071002913737	0.39799539343967444	-0.31284066515745623	-0.4969651504685985
Elon1	0.6125142281444017	2.080880314486821	-0.062144562503435426	0.8358624851182459	1.474507458752221	0.4578048640629884	0.40467703166152685	1.4550990056898223	0.2888518654636314	-0.0582004699604412	1.1589271024491075	-0.29359733089313345	-0.3879651097676327	0.4508824381476798	0.8894640523921368	2.1293463240946373
ElonW	0.610883677959337	1.270548576409108	-0.6694273703135661	0.509184085951215	0.5426660555537317	0.32703057240588146	0.2911763183809156	0.7611144648190268	0.25757969171922734	-0.66104848286128	0.3508862653045609	-0.5857487572478454	-0.869324962405798	0.5408776843324832	0.2877176074421499	1.063198076953408
Ctcf	0.5816239783329065	0.43107300824228345	0.5362940865374636	0.5444978540881502	0.42294954638094223	0.5953926478755833	0.25621788949043744	0.49222967227064757	0.6275158216045162	0.5281586114664928	0.6395279994960458	0.4433580090222277	0.12881246944191405	0.4979175356528354	0.3670893477863253	0.691344326663768
Repr1	0.5865597377125112	0.32602878035407123	0.3634020933435623	0.04004200150478132	0.5301702570532715	0.4516923373982182	0.19642472805230976	0.5670844883979871	1.3145232582478834	0.49379540787994713	0.48965117305133243	0.22786263475011362	0.6437207985833081	0.4523808724420292	0.22134215023544648	0.6139126036811974
EnhF	1.0210990656805115	-0.15794873769394535	0.8490524239706648	0.2850509012503346	0.3246630106905199	2.0048757051058326	1.6445199642388577	0.5666047453628799	0.43768887893395714	0.6860839003475454	0.2929442161899635	0.9826162583708727	0.9284803791095291	0.6605872356121026	0.2962285471216362	-0.06593326788996012
Elon2	0.6613619415715736	1.4710255894628264	-0.2591252352856755	0.5811186515711964	0.9087294214655018	0.6366334024126432	0.49159270577061687	1.1907886456433197	0.3015407099414115	-0.14742071269965665	0.7797639748864177	-0.4362970549770816	0.002717816530100352	0.5472820651887151	0.578206185474344	1.557973185793172
Quies	0.4608964598530484	-1.28748918274683	-1.4113499498882545	-0.6490910351726936	-0.9862423381220833	0.22775969090651535	0.12583541152643585	0.11658643330256134	0.26523108360128694	-1.5032337104270652	-1.1554992873999743	-0.9279491699476924	-1.0947134744706435	0.43101898995843607	-0.5447107867457414	-2.005802094387492
Tss	2.0863632870807405	-0.21054302900486854	5.729412668390738	1.5599545889695003	1.4690329292602644	0.6918721974312733	3.0595888274567975	0.43935297036133303	0.25313084143277065	5.624452383813401	1.8511436007630795	5.006186896090942	3.764521626457311	0.43919757864770564	1.670417912075434	0.9913234948361921
Repr5	0.6369769284010729	-1.0787669018273645	-0.8544723178782158	-0.397566216943429	-0.7340184133806048	0.3217136013451608	0.1889034953348279	0.25930219604683186	0.9478187340274148	-0.8586346493847482	-0.6150451098586909	-0.7090233263109023	-0.7914485659600472	0.522713779286905	-0.4510721817286856	-1.3172614460215482
Repr2	0.694811075253045	0.12794707995375987	1.3044878584648993	0.4417013680117886	0.7745454250274894	1.019176795198924	0.28340389242577674	0.537246344987361	1.0805248826195704	1.377237988064344	0.7710184236686216	1.225343201620237	1.2928118000852107	0.5256839746186065	0.5047380640615159	0.43631858069265
PromF	1.5337218047178776	0.7430932063578756	1.514663130462378	0.7556925127089721	1.0226207170848636	1.5194221746600272	1.3794282915597436	0.6016685916538272	0.4746606946344694	1.8471272984597351	0.7906383685283777	2.1090583899676707	2.8807603301000104	0.5877312177178166	0.5678112013095504	1.0505072833824216
Gen5'	0.8296104968886542	1.6635305748247737	0.45537844734519384	1.0903548862109207	1.576581770630188	1.5123791631328392	1.1079341880858327	1.4267715468417468	0.31745372088577317	0.5273429965295167	1.3876446273299734	0.3199920891019013	1.1283252309941574	0.5709548009541344	1.2798486221286882	1.8437081437000953
TssF	2.322231516162115	1.0774033477678142	2.2280579899197077	1.2455878555139472	1.674668417568925	1.3411894688792203	2.7439279972253074	0.6617400695144455	0.43287694064308807	2.923934984428196	1.47767771010698	3.293763012318749	3.7908793272776777	0.6195815932795461	1.2438250506317485	1.6893049587065394
Low1	0.6109754701895926	-1.3247827272824488	-1.4256102223234566	-0.5584610952599144	-1.1125740278090697	0.23176597728245674	0.13831544632405798	0.1969954610109497	0.3668603102557436	-1.5136778849766295	-1.0398925218063384	-1.017014727076128	-1.2589488117137777	0.41425769530802353	-0.6383314032766129	-1.749128823653658
Low4	0.4867816592737267	1.241072809081941	0.8414456775928624	1.042792167828802	1.2710739483655578	0.3283433870293656	0.21216024076459555	0.5108840913658211	0.35673035382559176	0.6510533555738571	1.1456723804178897	0.4826863960897422	0.6497193285742858	0.29901476950106387	1.2204307582421823	1.1686855027806868
