concatenation_key	orig_label	(07) 5' flanking (1000-10000 bp)	(01) H3K9me3	(16) 3' flanking (1000-10000 bp)	(14) terminal intron	(09) initial exon	(03) H3K36me3	(10) initial intron	(04) H3K4me3	(08) 5' flanking (1-1000 bp)	(11) internal exons	(15) 3' flanking (1-1000 bp)	(12) internal introns	(13) terminal exon	(06) H3K4me1	(02) H3K27me3	(05) H3K27ac
segway_nar_HUVEC	Low2	-1.0041407900952093	0.7040904397618506	-0.6632930754276073	-1.0436146264837038	-1.331486003784648	0.29613098982006675	-0.9811459079308623	0.5856175309179719	-1.2550014414370627	-1.6238368271524521	-0.6053585878234877	-1.2286017078689915	-0.9351183429165595	0.2563027998545328	0.41346614779582536	0.21368876246524532
segway_nar_HUVEC	Gen3'	-0.0024705125499200798	0.329066038853183	1.3827868295637666	2.01667231885492	0.15295974652462	1.4668024719880637	0.2619268504842295	0.3757243406677885	0.11194031573654106	2.564210052748129	1.2911490631756362	2.560572180493027	1.6023231548308121	0.5239607970953586	0.2804874161035631	0.445971442567978
segway_nar_HUVEC	Repr4	-0.11988187751133048	0.4960002450294452	0.05210449660956262	-0.01567978205464941	0.1891497556054424	0.28970820799950486	0.05700111427771218	0.5151991591126908	0.0559504808594697	-0.3090887432237794	0.045518871402877054	-0.6152008099013674	0.31098434492722343	0.5112656111029924	1.0035747155186947	0.25074402496599474
segway_nar_HUVEC	EnhW2	-0.1986028428736647	0.4870311236454463	-0.04512743419157184	-0.16989928176382627	-0.36769160627216446	0.4409024881646702	0.42939198052676014	0.6019438661204187	-0.4224741352699277	-0.4681291925378247	-0.03469371039691221	-0.45044191045339493	-0.15347231446427775	0.731701842862068	0.541714985428011	0.4294583425075811
segway_nar_HUVEC	Quies	-0.6542353443300517	0.516097512833574	-0.44047640977883196	-0.7298209948277713	-1.0479355086568398	0.14520425572663345	-0.8270348877449615	0.428745169624607	-0.9633716981990603	-1.5597171609799505	-0.5183634027771008	-1.1236730966229738	-0.8219451048127763	0.1204030401358461	0.2572159612394855	0.11386788343474792
segway_nar_HUVEC	Faire	-1.1111995341895808	0.6793405758854155	-0.5783264267364904	-1.0279924427060798	-1.422954193152004	0.2759022456945048	-1.1100107847994076	0.6115795946069923	-1.442801781028313	-1.40972696710367	-0.5866538151918561	-1.1277421666438752	-0.9668411320625633	0.26060054798201276	0.3794871153142163	0.21327861301791803
segway_nar_HUVEC	Elon1	-0.2694104210457815	0.3985725788207281	1.0552909907573405	1.6083826793173237	0.027723746478734542	1.7909618319293457	-0.30661277359960715	0.4646916791749057	-0.048535519991432796	2.498989635752466	0.9124430513061671	2.25897941012101	1.34731293121138	0.5400948935255152	0.26162752724614485	0.5204910578247417
segway_nar_HUVEC	ElonW	-0.6512155462796091	0.4838415656861872	0.12329559815587296	-0.22682358174151304	-0.5904551020991843	0.8483585249946054	0.05794371387248802	0.5600261201056402	-0.620718396740126	0.04316424289340068	0.17056104198365837	0.17284861621638395	0.02049018754161258	0.6305200238788973	0.3278198534544519	0.4760878455915612
segway_nar_HUVEC	Enh	1.8580922046034858	0.4153275876074796	0.716106755472964	0.6378500232097568	1.1182462978691865	0.655062174392954	1.3319236259776446	0.9181683866852465	1.1061557397352548	0.22619745391247537	0.8968500754056349	-0.09238952469401224	0.7337981019458008	1.4215094138691466	0.7181726755167873	1.2289119211947568
segway_nar_HUVEC	CtcfO	1.2005652387869168	0.3893024839621479	0.8998493206888611	0.8120517168415808	0.8641789298974958	0.44011670021447874	0.4081272973420315	0.5368103478972394	1.390344680317003	0.9588635659408011	0.875449093473921	0.8255291728491592	0.9163949915418663	0.8355202248708562	0.491511662240044	0.3759317684583646
segway_nar_HUVEC	Repr1	1.2440848574977867	0.4250106415213973	0.864579616596547	1.0434140228146787	1.2380520941338495	0.3009166431951125	1.5571714071041258	0.553974276313113	1.0835805562229757	0.4205599606889808	0.7786023736736939	0.09994031926540034	1.001039303956106	0.7373094386051967	1.3759255666145274	0.2893656451540737
segway_nar_HUVEC	Elon2	-0.5378742679569337	0.4574579971747202	0.424753605825648	0.7336329204004504	-0.5432914860227878	0.8675173732920128	-0.4598241472060202	0.4487164170004256	-0.5587731130494632	1.0319505490245893	0.5615799773256479	1.340227468384775	0.45227290008530446	0.34274736945572915	0.28120774104443774	0.30581673260273645
segway_nar_HUVEC	PromF	3.4819457205937034	0.32107294815911175	1.1171502398167015	1.6085665418873552	2.9979619114803864	0.4740574984290641	3.4557903647385286	1.917659676595959	2.866939580580903	1.489204192954235	1.326714628096993	0.9932111590835088	1.4142503432057847	1.3280315866692014	1.0147869001140546	1.4746373915546676
segway_nar_HUVEC	Low3	-0.1468456956781142	0.608088208363808	0.04623938953918401	0.020755694344849904	-0.1411431912846512	0.2957257524153849	-0.14710563549075464	0.5072961959236215	-0.06783944399801542	0.0011150274865409516	0.14587469994597244	-0.017853976011298497	0.06740879600431669	0.3752690906421514	0.67215451285727	0.22488935952769626
segway_nar_HUVEC	Low1	-0.7474259921750904	0.7367097093393464	-0.544534717932332	-0.7579795662178077	-0.7202730698209452	0.26762178165480016	-0.8605536668570062	0.5027311316507761	-0.6778386930218413	-1.2610180112061362	-0.5185721143865881	-1.1638108308439958	-0.5169410408106271	0.259895139795815	0.5164972892887659	0.1908848669346587
segway_nar_HUVEC	Repr3	0.18341914067558004	0.4555483203013682	0.32289215238777363	0.3858463112398694	0.3069077878268623	0.2901528674156812	0.374772042173243	0.4806874277455891	0.3486429731984436	0.26287565088599313	0.30281989480242866	0.16936511412067035	0.4151473465436504	0.5701609911828941	0.9927867445827947	0.2520977114054523
segway_nar_HUVEC	Tss	4.6334606405600525	0.2524207294162637	1.3268823436862165	1.5423825034038132	5.152554415066236	0.3247085429458829	4.016912204849418	2.671665961411902	4.995696145502964	1.1847482165025458	1.2809892644584053	-0.00086806686828656	1.6156837321469855	0.6794477414679726	1.2985429431715307	2.682013643530812
segway_nar_HUVEC	Gen5'	-0.09080154372778515	0.39879659212753527	1.1330431180705516	1.3342649246695504	0.15679628385873642	1.3777525337033587	0.9587332962274084	0.5711045205544671	0.09164292972612524	1.7728185650217854	1.0374196376484752	1.588270749108314	1.2205180438002312	1.0699783443140705	0.36558781090600206	0.7666535405447253
segway_nar_HUVEC	EnhF1	0.1804128094439824	0.4360238833024349	0.38645566435616413	0.5189090793173602	-0.04128374695835392	0.7243338339221671	0.6900805446461646	0.6662519115380585	-0.24265467753018924	0.3647300600697843	0.32390580002472047	0.3030846854038148	0.3680709387409682	1.1432108797358702	0.5680978819829073	0.8094447879167255
segway_nar_HUVEC	Repr6	-0.4736492144792823	0.6293143569087335	-0.22306339419648866	-0.3174116672896196	-0.0535155222079729	0.33895787151048545	-0.3686756355778617	0.502042629241188	-0.18968412152829345	-0.45193073941836653	-0.24564287658360798	-0.7423848327466142	0.10655891184934728	0.46514969916958215	0.7311532807694292	0.2658228684480051
segway_nar_HUVEC	Repr7	-0.591364254919839	0.5838412628085738	-0.34602798880861135	-0.613277349704856	-0.7685902341954755	0.21287175247626744	-0.6649426228574609	0.4961581942121135	-0.6806471758986588	-1.2260299647425064	-0.28385817413103864	-1.0098089811876463	-0.5504000199241594	0.2652786917682369	0.557275455310731	0.17406481837974463
segway_nar_HUVEC	EnhF2	2.665982077662032	0.42599960464440784	0.7182677450965879	0.4687451099362545	1.6909233146095268	0.5333173099320586	0.7483592950039433	0.7418108264253747	3.426978622895346	0.19892711373548774	0.5070411711610765	0.05256097442649514	0.6118163315189915	1.0550963401659101	0.6029244844198314	0.7520800369217698
segway_nar_HUVEC	Repr5	-0.5802714120532736	0.5700936086866368	-0.280084555960301	-0.5779888253029182	-0.7292209798563521	0.25877816277227284	-0.5625509865388681	0.5555757008734168	-0.7312593138465181	-1.0531454972179715	-0.2596829578541713	-0.9819023299474849	-0.41312418528908373	0.36103541342194434	0.6550099970239732	0.21884827212912625
segway_nar_HUVEC	Repr2	3.118978992074138	0.26674116667667463	0.9406669328080319	1.491785382186274	3.1913720699505164	0.184649426216475	2.4499527495686366	0.8458888615121308	3.1495680574931266	0.9745165001590713	1.0506258285545274	0.5099106731158272	1.4414347255802682	0.831757028695135	0.9738008910440409	0.3513777371012507
segway_nar_HUVEC	EnhW1	0.32908227645792903	0.44602471544692673	0.15887730165477498	0.08364876696304653	-0.1081503109978913	0.523099328892447	1.0014419605848897	0.700358555131411	-0.12477077835212277	-0.2106163644234384	0.22132289321331539	-0.18817665976658898	0.03666706468234342	0.9859193413274665	0.5687735429143127	0.6133433528673554
roadmap15	14_ReprPCWk	0.16402152510116572	0.467697304873608	0.3239198310013545	0.3247009629951071	0.11596841568447755	0.3188744108490563	0.3790074982945939	0.4925407320714249	0.11434321777153926	0.02988325169436167	0.31274341653905785	0.01700957086351594	0.2798120400963816	0.4586548498884645	1.040558010521845	0.2904020550911568
roadmap15	9_Het	0.11888667789776669	1.1662993538972888	0.21966971772503852	-0.1573643797096336	0.18310741889098778	0.37689353875060067	-0.2124298182500401	0.5500366135034268	0.17497864272829178	-1.051493518811316	0.2700189966923313	-1.1476654155216948	0.29965812916219015	0.28908382049978554	0.5313626899254116	0.26008993640161526
roadmap15	3_TxFlnk	1.4903758430566363	0.5987213961951883	2.1218738437163207	2.3728952325621213	1.5619779001489325	1.4512226494400198	2.470502619183562	1.6497183198585377	1.4200847531921343	2.728601780624228	2.2127577262706306	2.488482601907203	2.3422815970967967	1.7402208338228615	0.4406170291371675	1.8691843987857542
roadmap15	5_TxWk	-0.18743069922729294	0.43778018823622367	0.7239984307530346	0.7568659040547888	-0.2784964893142928	0.8212474441614606	0.4846794924877513	0.48245086401007675	-0.2749216316725179	1.056340421570152	0.7023973453580863	1.2240053032170612	0.5875757062906236	0.5866709132049563	0.33857952834117	0.4606730915361749
roadmap15	6_EnhG	0.1831099025680439	0.49824418251929914	1.4729780030186206	1.942089587191717	0.2717286520015722	1.4456495319016036	1.0498049865864238	0.6576920669264131	0.20451382702221504	2.2382895536509166	1.5128716339970114	2.1025892080126205	1.6688383999932226	1.3919848430572677	0.39952871821061214	1.074463775482686
roadmap15	15_Quies	-0.7018295303505043	0.5000762761576125	-0.4806900138378744	-0.7189933464642221	-0.7256390124390563	0.28258313297853854	-0.7952318107296199	0.4166864960252569	-0.7271981381010828	-1.042623628985103	-0.4897895735943387	-1.0517324340979575	-0.5165461009193079	0.26822821833992455	0.39073273584942625	0.23117912545546399
roadmap15	11_BivFlnk	3.714894080874757	0.46881732419133343	1.2377823931313723	2.2379771488857294	3.8196061548477953	0.348239050612371	3.317892070344256	2.183378232167762	3.5545634625439186	1.5918300449535774	1.3928102047001585	0.8548541569389113	1.9559509547186402	1.6958805162646764	2.237448234878112	0.7222079396228489
roadmap15	4_Tx	0.010866246353720703	0.4517279503281072	1.4019202459042894	2.1633265874136587	0.06338313757247038	1.6424028267703112	-0.21365613428305263	0.47443170173163224	0.060875902409423616	2.9054050198765498	1.469989831444175	2.882688905065612	1.6919288671310921	0.5473825229468351	0.304576642566965	0.553829691986265
roadmap15	7_Enh	0.4887137982200199	0.5250850845426933	0.36913410666904184	0.39878581729268847	0.35796955230227473	0.5753407852422758	0.9321904032136885	0.692280181661374	0.3899299195255357	-0.019977294294292597	0.3336873748836587	-0.1369751876348499	0.3482233381205489	1.3094515251658567	0.5822294202598517	0.846630109129792
roadmap15	1_TssA	4.457711206333838	0.39771333782948826	1.1560736165132852	1.3472943717504653	4.722028684222069	0.3934933469684914	3.844887854384469	2.5485831489555877	4.743967794223235	0.9909846973346325	1.1898737988659738	0.01271370729606858	1.3591669449590884	1.1242008092062925	0.5968977843778586	2.0650808286488744
roadmap15	10_TssBiv	4.280008370928856	0.366788837386833	0.8806915254075953	1.801345735609882	4.552188303917949	0.2565602435522755	3.265529570608645	2.3096428083733813	4.6086216279129495	1.0237381366248748	0.9850240268443193	0.22118755076441945	1.5570911769969125	1.2780727529556184	1.7927129575608656	0.6912872704396833
roadmap15	12_EnhBiv	2.250771861888757	0.5579050955031136	1.2639440700210127	1.8185881640712926	2.0742722642016136	0.4488118923085115	2.370277149516354	1.0651945295207887	2.0310845756803	1.1466091558367075	1.2511252565071356	0.7801328681859434	1.4366549590982063	1.6307605671466252	2.1406614172475544	0.5847863596341056
roadmap15	8_ZNF/Rpts	0.5680650085736099	1.5205234697813552	0.8698112705315308	1.2525193275000885	0.6728160104875699	1.160392235482011	0.5123295039935907	0.7127368471466101	0.6376196577675058	0.7538186092368093	0.9382751642351306	0.49848847801997176	1.3237080744829226	0.5865896170335109	0.39695535168106527	0.5611762017033014
roadmap15	2_TssAFlnk	2.8701332881920743	0.5327842632028275	1.0752383236143628	1.2880425459548226	2.180822594064476	0.6150177740502782	2.820031340919881	1.629425925630441	2.1100383270885077	1.0961531417170352	1.1256888392371656	0.6101994548756923	1.2002585387214026	1.8605516926824568	0.6309232595848525	1.9563338743387324
roadmap15	13_ReprPC	1.6391495563978906	0.5355781332855349	1.1004257520692389	1.367972609201347	1.5008769346771345	0.3694740814387313	1.841585201758323	0.5779230433277609	1.4685082973331995	0.8206547777063092	1.1461351786579956	0.5741777514679453	1.174574813815979	0.7893339111201728	1.7673264814902636	0.419037218860554
chromhmm9	14_Repetitive/CNV	1.0617616940720538	0.5970634254812923	0.8676367818220408	0.10723503297613073	1.2032382005060696	0.24864875909202308	0.09970494856980189	0.35385445934780846	1.2877436430782296	-0.6741819826109495	0.9521280118976064	-0.7997572333521387	1.1507464924092856	0.24275623935382848	0.38373043481135766	0.17906498781951288
chromhmm9	15_Repetitive/CNV	0.11049781414537141	0.7821071755483601	-0.3508653942668413	-0.8564335913114678	0.009175450658229417	0.3485318897041793	-0.6525802184794282	0.4425551096654432	0.1400793966668505	-1.1934383706937248	-0.2594560783282643	-1.1873712084169947	-0.2841362194810643	0.26398326590409743	0.2937434143694966	0.25272155167493143
chromhmm9	13_Heterochrom/lo	-0.6751358931216759	0.5913654975275888	-0.42794901776262817	-0.6439274785192257	-0.7000637521629322	0.2959258325407067	-0.7520681317901349	0.47845731698424526	-0.7061152290689793	-0.9913772661073604	-0.43897397856527853	-1.0002654103718411	-0.4664544626195244	0.2813477879304272	0.48469719093258745	0.23309217933801155
chromhmm9	12_Repressed	0.5682601336201034	0.46363731894490334	0.5033897721033261	0.5596963255493491	0.5232009206933114	0.2968936492058695	0.7736585515521035	0.48382084980309853	0.5064953520785307	0.16258341855765085	0.5148925728475101	0.07585717081886179	0.49974205372777547	0.5098657492400738	1.2325408548649157	0.29418412915971004
chromhmm9	2_Weak_Promoter	3.481392492013473	0.4092488637801847	1.0431244272783597	1.4364391776718068	3.289465741094194	0.4945463733969671	3.1293145021657494	1.8062404171212048	3.519192322787605	1.279073672374202	1.120506629812843	0.7739620385222471	1.3461398157218782	1.5141222334027242	0.7231026548096885	1.109685056064414
chromhmm9	5_Strong_Enhancer	0.13740588751852034	0.5053636709634302	0.3351457324207682	0.3646662684854881	-0.03705881711829273	0.6445439044648956	0.4033531626515949	0.6319552729755968	0.026370850603767676	0.08884172807223108	0.30651001170651987	0.07086255840565756	0.29405446909288235	1.1817879236737034	0.5250799848369077	1.0070207570364482
chromhmm9	4_Strong_Enhancer	1.9773501788231604	0.4658521072616849	0.9890757230991881	1.032094593370801	1.4475308728427907	0.7168663040942292	1.9970181934798392	1.190387395801896	1.4456522357184205	0.7864619114235185	0.9996712636921037	0.49044497748912524	1.019834286091285	1.6657182808901647	0.6015643460299641	1.8529881823708496
chromhmm9	6_Weak_Enhancer	1.777701533947016	0.4778768787546302	0.5198334158748339	0.5486710758085084	1.2842378978515339	0.47219854057455385	1.664408707780558	0.889336540212415	1.7637844153092044	0.2275505947495095	0.5332410178848817	-0.025984286042348197	0.5812656999822633	1.307611006711964	0.608133121778279	0.7160110278630623
chromhmm9	10_Txn_Elongation	-0.2523799770995529	0.43612704572701716	1.0706224150842614	1.7476542188329967	-0.2359210175939231	1.536841141292815	-0.3947292272405868	0.47711117023877697	-0.23773285592931725	2.49011759005025	1.1268920408102192	2.5289902018624004	1.2968791003879163	0.48158318263524463	0.26751875456817503	0.47632865436074917
chromhmm9	3_Poised_Promoter	3.4128865385417515	0.44766619857893314	1.1006166054460167	1.7644998701690053	3.5620410929973576	0.30205850101639004	2.7478939835064513	1.4548625631272272	3.5360762061143887	1.066892249089173	1.219639760606319	0.5007501496994058	1.6560530860175482	1.5262452089862315	1.9471737433193717	0.4787876514398324
chromhmm9	9_Txn_Transition	-0.08532201912326667	0.4505252658154785	0.9873573791342014	1.238950638187986	-0.005714305215010177	1.3153913807504432	1.0619726011491013	0.5994587676629712	-0.042101433965135236	1.5026621651346228	1.0183269868320113	1.4243731785752443	1.1017604768291676	1.2004776405542554	0.33448684163161513	0.8219353295639982
chromhmm9	11_Weak_Txn	-0.2966077812324856	0.45458363082096853	0.5064717270914322	0.4754992005675339	-0.3558335910853549	0.7019010177961014	0.2664114639676473	0.46251690411266005	-0.36411598842885506	0.6277121737685025	0.48271889934876583	0.744321366166236	0.38079406912997626	0.544148743470536	0.3719545798666611	0.41497343341675197
chromhmm9	7_Weak_Enhancer	0.029005335920041037	0.5079870633490932	0.23265817452348975	0.20475448233887802	-0.010000753048921533	0.5353975905377557	0.5157052064428722	0.5757124165236251	-0.01389219931495795	-0.19628107885560606	0.20143877132349647	-0.2300338865343939	0.17563653993176329	1.1033180880016782	0.5526871058935822	0.6388724809586668
chromhmm9	1_Active_Promoter	4.463154543214133	0.3690655500167672	1.1866748639183577	1.4221310409655812	4.815760975792838	0.4011752835779269	3.9490410739054393	2.7772323952005302	4.660995017302387	1.1264406677258592	1.2525759150079874	0.042659075771421744	1.5104334551660643	1.1158531870065658	0.7626416036967429	2.6325194365305276
chromhmm9	8_Insulator	0.676843943887808	0.5181440616745306	0.6806561945645132	0.6530791973630782	0.6652471968375314	0.4514589744365216	0.23915262602475762	0.5079186209841742	0.7912484563359935	0.6634784312797135	0.7761282458359288	0.49790747186815537	0.8434516760245891	0.7608181398729348	0.619344330765509	0.43164607373089475
segway_nar_K562	Low2	-1.2264012562163262	0.5455729743772005	-0.76665490467499	-1.1598770332391934	-1.6929589950310584	0.24592929153853763	-1.3814731478444173	0.43806676810731987	-1.5941194546471629	-1.5727609495528596	-0.7250601098231502	-1.1942326166039912	-1.151057347933277	0.1534187795497756	0.17807587437549727	0.1152159694388662
segway_nar_K562	Elon	-0.3957098475778391	0.5442297107054082	0.6709381829304152	1.035753800598345	-0.07451699299801874	1.4173226012022295	0.04847086989815182	0.474555557150784	-0.1769787277102476	1.9354948395049854	0.6916910986173448	1.723462444209478	0.946747495743738	0.49638681961191794	0.2973685072237042	0.579594614222588
segway_nar_K562	Repr4	-0.27821746773350536	0.5557964711646242	0.02005219149603415	-0.11824360025198359	-0.11849125516961342	0.4139216265871239	-0.20072204716507314	0.4942338710977555	-0.17156407994909906	-0.30259487581116407	0.05628182390775916	-0.36401221446962545	0.1850769075611003	0.3475940347171704	0.9759524194301485	0.3913122839845158
segway_nar_K562	Quies	-0.9309418343053838	0.4893588650978552	-0.6991439161964412	-1.0054644669788413	-1.2468997871765732	0.1820626984646951	-1.1048620186346936	0.33896504247092596	-1.1891099487022299	-1.7855946222947738	-0.7403744275591874	-1.379411587439023	-1.0242621637508036	0.10062447358870223	0.12141773279228643	0.09300790163072083
segway_nar_K562	EnhP	1.2404107747256634	0.573777871111437	0.5130294758454904	0.7288611847461588	1.5377896288900066	0.38820433907861795	1.0619516210329356	0.5339186031408324	1.4520401491457529	0.822603082320084	0.4836590078967295	0.31976528870103754	1.032862526862726	1.1556548865695793	1.2476557314837056	0.5270047146750607
segway_nar_K562	Tss	4.820726896473698	0.4103341583991837	1.543638207634413	1.5949368691979031	5.487468158593266	0.4423723056309021	4.1154421332776145	3.638103546071974	4.8871004923872166	1.3730813454929172	1.4431302729393831	0.1489793922631944	1.8718474635080644	1.7864094952415899	0.310593733097861	3.3816521821575605
segway_nar_K562	Low6	-1.0580452336219999	0.6843850991129496	-0.5741425597878396	-0.8117042005496943	-1.2816769606776848	0.46776578251838186	-1.062941342637049	0.49738648432133853	-1.3041343892429822	-0.9537590299051949	-0.4103070837862266	-0.6924468150345403	-0.7554886087436873	0.2050909851485846	0.20205594096148594	0.22879801385207518
segway_nar_K562	ElonW	-0.43670522745265483	0.5212459401178405	0.5767587489244704	0.9172754836091799	-0.42884837727455877	1.173113261301616	-0.4030063861467902	0.441895844949582	-0.40895935723512794	1.5142782449437342	0.771233008154745	1.62389510943662	0.7031477973525654	0.3256493586010391	0.2113228238734921	0.33582366866112784
segway_nar_K562	EnhF2	0.6527663376187884	0.5348835391742066	0.4865871647978362	0.5748647207922507	0.6136676569788524	0.8022398652846521	1.5169329300458	0.5938941374139665	0.4150914401647131	0.4477058016318206	0.49838809995169037	0.28050722414912554	0.6109456622440189	1.5255054225222282	0.3366438963958869	1.1241207811624787
segway_nar_K562	Enh2	1.2076620070779416	0.5384655823065637	0.4686135132923837	0.44723566013471994	0.8321172916999033	0.6987896660777237	0.7430091342586098	0.6146455622299118	1.5738407018523406	0.1685681840460593	0.3059286452372496	0.07840111777091964	0.5270895877299756	1.4887596340904763	0.4053005469802988	1.239731782375289
segway_nar_K562	Repr1	0.1566006249795298	0.5958389709665649	0.3109917739226027	0.5671321842507414	0.4999472490393272	0.3711440907618362	0.45471233041083375	0.48523550194889065	0.3059904375466938	0.766836680471121	0.1452607780231457	0.4278216800103262	0.6668371428664769	0.531035300659976	1.9722350282599832	0.5639378839409668
segway_nar_K562	EnhWf	0.6181391624256768	0.369543844223386	0.5836733814738669	0.9212420542583379	0.6222598986550101	0.3406890369061719	0.9778439380841714	0.34623702844968424	0.7581709722379528	0.8667960826506035	0.3825577755530115	0.8246679936279269	0.5538390471459704	1.1892372284773254	0.4321679683804542	0.32321414580533353
segway_nar_K562	PromF	3.2978201805729888	0.4295938166825244	1.2059998249664274	1.627956322757094	3.2066632959258885	0.651001388563706	3.791032930922628	2.8063253580206213	2.3304672792474777	1.5182721099698404	1.2851144034371926	0.9359854522332341	1.3459015246471466	1.6981913509162887	0.317613281112566	2.3140336262882446
segway_nar_K562	CtcfO	1.2143562275761026	0.5005869257295376	0.9118261126414917	0.8448115155701026	0.9632550247477845	0.501539980920454	0.4309977210508415	0.4805154042054826	1.5375396785132522	1.130354936871886	0.9806685684372386	0.8911930093256081	1.0422111685756357	0.9379463379818808	0.6238121682761782	0.48255384543693275
segway_nar_K562	Gen3'2	0.5022526238520179	0.5291600455537248	2.0376628289435974	2.1318496631200547	0.7573540813241239	1.458521947281622	1.1685909118466393	0.4890093298391041	0.6311788463568794	2.343829276087324	1.7485651498043255	2.118649315018142	2.0033434002517994	1.2126094233800813	0.40405975563118585	0.8764634306915962
segway_nar_K562	Low1	-0.7418504983827644	0.5311362327255794	-0.17465660595637708	-0.5305919773789456	-0.955124711143058	0.42964618196035725	-0.6352203805136386	0.47803086981257675	-0.9628479598669233	-0.46360675418686875	-0.007891621860180687	-0.3204015813475016	-0.35124055107734065	0.2924683377736553	0.31358195515405013	0.2349182678758354
segway_nar_K562	Repr3	-0.10249308759080805	0.49868686986238636	0.051392746891365616	0.13191286509106037	-0.014772558947743587	0.2887802759383286	0.07296976680193143	0.43877302190620654	-0.05921791579657113	-0.13588636218058256	0.06128591396398104	-0.15557088695060303	0.1856377662431833	0.30613467127261007	1.5027050117362368	0.3372601525231067
segway_nar_K562	EnhF1	-0.060796743603886275	0.5363532271479192	0.14136569175186225	-0.10307052292788761	-0.13979005523909988	0.625698641023141	0.4592835517883445	0.48394735096644814	-0.20375698378388293	-0.4916507743974139	0.24769253778097947	-0.3952897946424676	0.1123195118856056	0.8689612911525229	0.27966332748953515	0.581126918473362
segway_nar_K562	Enh1	3.953814602635362	0.3389964323403446	1.4659515912607337	1.1213694731842228	3.517586964695486	0.46290597453600235	1.831790366326816	1.480117894968592	5.136486534966611	0.696107066584251	1.2555407937928635	0.4132898832815301	1.4046097271214413	1.7564084361768624	0.27697197729023587	2.0558828416220405
segway_nar_K562	Low4	-0.3328351667312837	0.6405865200248957	-0.3127451582488593	-0.5269883131690032	-0.34703109533617854	0.3448742635445304	-0.5530593913053123	0.4725599345306846	-0.20719073676573035	-0.9124475147884052	-0.2710225717116785	-0.8829808493947244	-0.29970537646245604	0.21622435146304433	0.41394738301102924	0.24582450281618906
segway_nar_K562	EnhF3	2.205561699589558	0.5106723916461224	1.007747211050475	1.229365848411541	1.7587800621463439	0.8467265397107747	2.512121372836944	1.2628092395725377	1.4601155240958437	1.0271867968343684	1.0428812268507652	0.6926749876514481	1.0594399045300094	1.7878318476548511	0.3749164816777773	1.810922662431057
segway_nar_K562	Low5	-0.520247102707814	0.505490632708653	-0.22545687071122664	-0.4612384197671592	-0.6768822594715849	0.2798881125943266	-0.539590709964009	0.4402510774136953	-0.6992114132019371	-1.115269358004733	-0.16973477476698995	-0.8059188730130161	-0.3950695317237068	0.20166857939452892	0.726488567676754	0.22101584798439197
segway_nar_K562	Low3	-0.2695393680240518	0.6024315214871592	-0.26249625732968423	-0.38404146186041355	-0.17313921625809237	0.37000099479408594	-0.349411670748093	0.45461306707900406	-0.22358138388207116	-0.8920401312522326	-0.23474315583120386	-0.8639587737614396	-0.09782829680726855	0.31253122885747553	0.5262589004740152	0.30831475916784434
segway_nar_K562	Repr2	1.018333364701421	0.416132030081717	0.5076825747805881	0.9870707929891612	1.2961643579354607	0.18486003411776875	1.1509175254687731	0.37942097612716275	1.2118233110029284	1.2361746220007168	0.2797246457642875	0.9440324070132445	0.7384089497618662	1.1452397928640514	1.661426670131665	0.2729225761760412
segway_nar_K562	Gen3'1	0.4535467127418823	0.4122780403900664	1.8411842954116042	2.199926962612835	0.535916116793804	1.0084243315878803	0.7608816266192303	0.3600017930076895	0.5764362672567774	2.478910636482671	1.5860719122825335	2.5182845122816593	1.7925007385209455	0.8864127548959849	0.3700364467642801	0.4109700580521787
segway_nar_GM12878	Low2	-0.42406440005700297	0.590175691965259	-0.13366831187554956	-0.36206844253088866	-0.4479118408248955	0.41373451074761236	-0.13954147673851489	0.6750593613633729	-0.46567023099147564	-0.5993763543176446	0.004167138295255123	-0.530533666410408	-0.1407893528314944	0.7648122591360198	0.4117474277384334	0.378785677437089
segway_nar_GM12878	Gen3'	0.5878195339316526	0.35084856252557145	2.1179190684781153	2.454454011424734	0.8871601357083934	1.6571281522670984	0.6094883904201425	0.5050340639533046	0.9157000831519629	2.9145303781747147	1.7182421877292404	2.7030546724985673	2.175198775192477	0.5646353392944438	0.2669330384301493	0.4148341756020816
segway_nar_GM12878	Repr4	-0.4693239295443243	0.39799539343967444	-0.31284066515745623	-0.3572247710416241	-0.18307074013304978	0.41382109636146436	-0.4701071002913737	0.6490974897309696	-0.24300712052658072	-0.4969651504685985	-0.26331826084348914	-0.7046468381896748	-0.0003623537912404662	0.277823927538574	0.8683267543748331	0.16112715876250194
segway_nar_GM12878	Ctcf	0.4433580090222277	0.4979175356528354	0.3670893477863253	0.42294954638094223	0.5281586114664928	0.49222967227064757	0.12881246944191405	0.5816239783329065	0.5362940865374636	0.691344326663768	0.5444978540881502	0.43107300824228345	0.6395279994960458	0.5953926478755833	0.6275158216045162	0.25621788949043744
segway_nar_GM12878	Quies	-0.9279491699476924	0.43101898995843607	-0.5447107867457414	-0.9862423381220833	-1.5032337104270652	0.11658643330256134	-1.0947134744706435	0.4608964598530484	-1.4113499498882545	-2.005802094387492	-0.6490910351726936	-1.28748918274683	-1.1554992873999743	0.22775969090651535	0.26523108360128694	0.12583541152643585
segway_nar_GM12878	Elon1	-0.29359733089313345	0.4508824381476798	0.8894640523921368	1.474507458752221	-0.0582004699604412	1.4550990056898223	-0.3879651097676327	0.6125142281444017	-0.062144562503435426	2.1293463240946373	0.8358624851182459	2.080880314486821	1.1589271024491075	0.4578048640629884	0.2888518654636314	0.40467703166152685
segway_nar_GM12878	Low6	0.11888499696767382	0.3539806003737058	0.26524004360002473	0.2899564027071012	0.10803341854529772	0.28521097605519674	0.17581540361734	0.45789306803867275	0.16324873368891166	0.08585859292663629	0.3399752807464823	0.16534444285237931	0.2661341998926521	0.2285276767465508	0.4420660304788892	0.13047354752333654
segway_nar_GM12878	ElonW	-0.5857487572478454	0.5408776843324832	0.2877176074421499	0.5426660555537317	-0.66104848286128	0.7611144648190268	-0.869324962405798	0.610883677959337	-0.6694273703135661	1.063198076953408	0.509184085951215	1.270548576409108	0.3508862653045609	0.32703057240588146	0.25757969171922734	0.2911763183809156
segway_nar_GM12878	Enh	1.9344028289831243	0.6095554492182649	0.960359161816786	0.8043913484456613	1.3451992517507678	0.7531718706092552	1.0352081058923412	1.3655076164198947	1.7463665361799374	0.49514130253989364	0.9060459693029359	0.29507342716231644	0.9122509573522506	2.2575030882484475	0.3330776165194791	2.826046519437669
segway_nar_GM12878	CtcfO	2.2359475574734358	0.4787557133799371	1.2155942034702947	1.1396199004639633	1.5525672742343495	0.4798921740640175	0.9333984819754423	0.6739449632484091	2.6243863262210665	1.0083509707821845	1.0914371576299893	0.862794476811336	1.00806956706569	1.0419908579795938	0.4564268668222972	0.5236772125079097
segway_nar_GM12878	Repr1	0.22786263475011362	0.4523808724420292	0.22134215023544648	0.5301702570532715	0.49379540787994713	0.5670844883979871	0.6437207985833081	0.5865597377125112	0.3634020933435623	0.6139126036811974	0.04004200150478132	0.32602878035407123	0.48965117305133243	0.4516923373982182	1.3145232582478834	0.19642472805230976
segway_nar_GM12878	Elon2	-0.4362970549770816	0.5472820651887151	0.578206185474344	0.9087294214655018	-0.14742071269965665	1.1907886456433197	0.002717816530100352	0.6613619415715736	-0.2591252352856755	1.557973185793172	0.5811186515711964	1.4710255894628264	0.7797639748864177	0.6366334024126432	0.3015407099414115	0.49159270577061687
segway_nar_GM12878	EnhWf	0.05723283562299833	0.6591627429406738	0.09984037490060985	0.022388727210462346	-0.1136845542901584	0.49105637171645344	0.9069469914596602	0.8063402083743849	-0.19068701588585887	-0.20186875247916236	0.18145287959779108	-0.16435797135575705	0.015702413887638503	1.471901758785301	0.3671331869521595	0.9241946650718023
segway_nar_GM12878	PromF	2.1090583899676707	0.5877312177178166	0.5678112013095504	1.0226207170848636	1.8471272984597351	0.6016685916538272	2.8807603301000104	1.5337218047178776	1.514663130462378	1.0505072833824216	0.7556925127089721	0.7430932063578756	0.7906383685283777	1.5194221746600272	0.4746606946344694	1.3794282915597436
segway_nar_GM12878	Low3	-0.45571823145991275	0.5292446609333027	-0.11449842027871875	-0.30619994207776957	-0.40409661338611225	0.4033373117874833	-0.28587713965712813	0.6333373519144797	-0.4366556098137575	-0.7627205033688899	-0.13448601638762336	-0.6676885990053956	-0.1070697424418689	0.6908312961293823	0.4823707807906229	0.34280697549230643
segway_nar_GM12878	Low1	-1.017014727076128	0.41425769530802353	-0.6383314032766129	-1.1125740278090697	-1.5136778849766295	0.1969954610109497	-1.2589488117137777	0.6109754701895926	-1.4256102223234566	-1.749128823653658	-0.5584610952599144	-1.3247827272824488	-1.0398925218063384	0.23176597728245674	0.3668603102557436	0.13831544632405798
segway_nar_GM12878	Repr3	-0.24279421988220476	0.48236659983924773	-0.2455609609698407	-0.2556854078110544	0.05355301899083711	0.4393267257395829	-0.23521817442419457	0.6523881904219504	-0.05183228678714547	-0.20820582476555077	-0.17788321501174106	-0.5495508434790434	0.1267997747628242	0.3610299132826216	0.9937918124167808	0.19249658270171827
segway_nar_GM12878	EnhF	0.9826162583708727	0.6605872356121026	0.2962285471216362	0.3246630106905199	0.6860839003475454	0.5666047453628799	0.9284803791095291	1.0210990656805115	0.8490524239706648	-0.06593326788996012	0.2850509012503346	-0.15794873769394535	0.2929442161899635	2.0048757051058326	0.43768887893395714	1.6445199642388577
segway_nar_GM12878	Tss	5.006186896090942	0.43919757864770564	1.670417912075434	1.4690329292602644	5.624452383813401	0.43935297036133303	3.764521626457311	2.0863632870807405	5.729412668390738	0.9913234948361921	1.5599545889695003	-0.21054302900486854	1.8511436007630795	0.6918721974312733	0.25313084143277065	3.0595888274567975
segway_nar_GM12878	Gen5'	0.3199920891019013	0.5709548009541344	1.2798486221286882	1.576581770630188	0.5273429965295167	1.4267715468417468	1.1283252309941574	0.8296104968886542	0.45537844734519384	1.8437081437000953	1.0903548862109207	1.6635305748247737	1.3876446273299734	1.5123791631328392	0.31745372088577317	1.1079341880858327
segway_nar_GM12878	Low4	0.4826863960897422	0.29901476950106387	1.2204307582421823	1.2710739483655578	0.6510533555738571	0.5108840913658211	0.6497193285742858	0.4867816592737267	0.8414456775928624	1.1686855027806868	1.042792167828802	1.241072809081941	1.1456723804178897	0.3283433870293656	0.35673035382559176	0.21216024076459555
segway_nar_GM12878	Low5	-0.9228876011022784	0.5204378538356338	-0.6182030949377634	-1.0343734183933362	-1.3282141406241694	0.22011819763643756	-1.1156321048333198	0.6217835505299125	-1.1867879012567024	-1.55461382682757	-0.5632950549583833	-1.2239992251862004	-0.9337136926904273	0.29516352730563333	0.44573028619324	0.16995752105010298
segway_nar_GM12878	Repr5	-0.7090233263109023	0.522713779286905	-0.4510721817286856	-0.7340184133806048	-0.8586346493847482	0.25930219604683186	-0.7914485659600472	0.6369769284010729	-0.8544723178782158	-1.3172614460215482	-0.397566216943429	-1.0787669018273645	-0.6150451098586909	0.3217136013451608	0.9478187340274148	0.1889034953348279
segway_nar_GM12878	Repr2	1.225343201620237	0.5256839746186065	0.5047380640615159	0.7745454250274894	1.377237988064344	0.537246344987361	1.2928118000852107	0.694811075253045	1.3044878584648993	0.43631858069265	0.4417013680117886	0.12794707995375987	0.7710184236686216	1.019176795198924	1.0805248826195704	0.28340389242577674
segway_nar_GM12878	TssF	3.293763012318749	0.6195815932795461	1.2438250506317485	1.674668417568925	2.923934984428196	0.6617400695144455	3.7908793272776777	2.322231516162115	2.2280579899197077	1.6893049587065394	1.2455878555139472	1.0774033477678142	1.47767771010698	1.3411894688792203	0.43287694064308807	2.7439279972253074
segway_nar_H1-HESC	Low2	-0.6992164537748552	0.7364888567277236	-0.43688210808567834	-0.6269584845212954	-0.41671666196583806	0.34805298065349666	-0.6535098006069697	0.3872179730370199	-0.48574158054588035	-0.8449357817797801	-0.33222131368449964	-0.9473570013608866	-0.1796144162314263	0.4459560793748127	0.4421746779529974	0.831743282256151
segway_nar_H1-HESC	Gen3'	0.24991725827160774	0.6144235242711812	1.8486361741460093	2.3043301438656214	0.5503104419494544	1.510979325449873	0.7749406469855772	0.3777663250699038	0.4497935440689038	2.9237345792380007	1.5858843969489604	2.698648666323764	1.9851976024061464	0.7196252360752728	0.4499951146552149	0.978171211291732
segway_nar_H1-HESC	Elon	-0.21070585525499028	0.7104095779462333	1.091338131774132	1.5898858357925314	0.1542966208399201	1.7822993930629358	-0.1396777524420063	0.40526579610332547	0.08132191477125701	2.5693621792389156	1.141303600107543	2.217651160597812	1.4467156145736864	0.532431619648902	0.4205436268320391	0.862640220594068
segway_nar_H1-HESC	PromF	1.0213468347312409	0.6021667530586547	0.287535122166248	0.3466105037070223	0.5591998102445388	0.7001777602352021	1.653687556021799	1.3454949966491854	0.36085597650869417	0.2883014209670361	0.4153848090725269	-0.10492789178544273	0.46631217192568514	1.7098059516396602	0.5918527884019038	1.1383112665972428
segway_nar_H1-HESC	Repr	1.529537366059339	0.6914707733954352	1.5832421384731148	1.7487556400252635	1.1159239596778674	0.4700065703879192	2.219610028844866	0.8691477287429152	1.0490399815017504	0.912000524482498	1.557362421386999	0.7087163388919248	1.5575575435642344	1.159449746936727	3.4640193312934486	0.49004512641837294
segway_nar_H1-HESC	Low7	-0.9749403398838845	0.6434950989956152	-0.5713538859065961	-1.0113806883963632	-1.5202811709170003	0.2791074675550718	-1.0368636679357828	0.38554937763598945	-1.4385520319418583	-1.5904277614551714	-0.49878921593632647	-1.119762613861451	-0.9983871222462453	0.28707014001407033	0.36845202376392144	0.5166029758707877
segway_nar_H1-HESC	EnhWf3	-0.7264439803041746	0.647555663187363	-0.5341451094289978	-0.75205577177378	-1.0163307062553846	0.48959865767777433	-0.4761955767617835	0.5279747232949903	-1.040543296275881	-1.2411089872825787	-0.38549995115627	-1.0170706309374078	-0.65333073801482	1.1239623601604845	0.37896235855180005	0.6448797180839425
segway_nar_H1-HESC	ElonW2	-0.9098097219745857	0.6344245430405854	-0.2529342503666359	-0.2507405969089519	-1.3412674280605668	1.0119191594792996	-0.9823982080701312	0.3705877666671473	-1.2729120400125498	-0.32108661656997195	-0.036981640709072686	0.24638078300484914	-0.474203520002632	0.2680282949419055	0.3137566002017162	0.3977360297993451
segway_nar_H1-HESC	Quies	-0.6255406719519953	0.3609698393025579	-0.3029698088486508	-0.585387457004339	-1.1386279125507617	0.1676809620055947	-0.6756289672896301	0.20647561958538752	-1.062938213295098	-1.6139621517940492	-0.4412405811128537	-0.9401708316471015	-0.8469963350705083	0.11929709831391322	0.1660101935470133	0.16144698960276638
segway_nar_H1-HESC	Faire	-0.5735060640195513	0.7589028690005425	-0.2574523469555248	-0.20530455819690963	-0.146337577249862	0.9067327873968286	-0.4347980364409091	0.39406689243368537	-0.27388461242029627	0.0773092136313866	-0.17837976103348496	-0.15282754846266067	0.1918674445984748	0.5569045640020911	0.5235087122839985	0.9492942529963383
segway_nar_H1-HESC	ElonW1	-0.797029456812743	0.7275298739598839	-0.17181606607057723	-0.12657716259697233	-0.8779476019267818	1.1164838910820687	-0.7998339165722758	0.41531017644525864	-0.884011038213177	0.27464993118386954	0.08075570321349261	0.4049449292674858	-0.10330669235966536	0.4116867213776527	0.4056637699918333	0.6241995967306623
segway_nar_H1-HESC	Tss	4.760481432889105	0.237007103731636	1.4194805896068414	1.5468013923861963	5.278363358706335	0.2212563597029132	3.330590958737095	2.9983968347306678	5.582162356352309	1.101544052515738	1.1353839766349976	0.4630811929279401	1.472242504885227	0.7859407795935088	0.45587083789908933	1.446862551902379
segway_nar_H1-HESC	Low6	-0.40266020873569586	0.605517050524544	-0.19354502223623338	-0.23554409019596545	-0.34294732401599537	0.3243921379575048	-0.30283978304659803	0.296944002550975	-0.2995097456928805	-0.8751610121595284	-0.39150669505992064	-0.6648671865507098	-0.22649871873340255	0.30506791021104	0.36920778217709416	0.4697758381508997
segway_nar_H1-HESC	TssF	3.784307865275076	0.48152823406776757	1.2857235353405172	1.5907756236149797	3.635537969881577	0.5056310707470716	3.8328507685382633	3.2933195620062192	2.645376374199932	1.5347143934867393	1.3961450621499092	0.6647257326316311	1.6181066431695696	1.3762922057224272	0.629537299375541	1.7315273947227001
segway_nar_H1-HESC	CtcfO	1.603386417029169	0.44981769234835295	0.9801147003974277	0.9467246245669871	1.3238460260847413	0.4649395938011131	0.6276276803910168	0.5899393172578772	2.0796787662198866	1.34926449114562	0.8565229074324958	0.9519011870355226	1.1363661441103223	0.885525178333048	0.5310570545084581	0.6340295997942738
segway_nar_H1-HESC	EnhPr	1.4530615789359111	0.5409909741410472	1.0960987635660164	1.3485231055382727	1.2745134626633248	0.5977528951107275	1.6070498670011761	0.9621457674793918	1.4120040484670868	1.3269857919477888	0.771322044460735	0.9885943980967491	1.123743479806289	1.7257864015585949	0.7366190848773777	1.0730104653381347
segway_nar_H1-HESC	PromP	3.348129517974656	0.41598014021467744	1.2838550494171301	2.085621033549898	3.4366043277617053	0.28790228008222285	3.0657915272181966	2.4775150052642085	3.224720220245022	1.4695829654122938	1.2613418840378907	0.9612381413953921	1.7433900947579855	1.5201049982024466	2.6173307894339897	0.4884529638270082
segway_nar_H1-HESC	EnhWf2	-0.4525773689842995	0.729774052434471	-0.26993843497867454	-0.2910290436684307	0.06418926482793176	0.7931501587029969	-0.06232516526004202	0.5550830772870259	-0.14789728034243782	-0.03671540795118997	-0.3083375067295492	-0.5079050762264413	0.17458799318557217	1.2742439104932182	0.6078006896200867	0.9998393668455975
segway_nar_H1-HESC	Low4	-0.22264559235303508	0.7146809262286998	0.10556890303074337	-0.01563071863087736	-0.1108304223824766	0.46381105569492653	0.1054559981705707	0.3884965417111742	-0.1730824355417376	-0.659749664792914	0.21021853936198642	-0.7146773432930399	0.2076550561780753	0.49968946348035387	1.4880898393903361	0.5372622111198092
segway_nar_H1-HESC	ElonW3	-0.22823800818354711	0.45172586836322437	0.5430492609696054	0.25128726966580145	-0.34573571771278816	0.33706221747877957	0.11350925952252747	0.23715620752610922	-0.3015331915878245	-1.6650013286643415	0.04003797936501046	-0.16391140287306669	-0.020154830046640367	0.21164410095904487	0.2482429119729786	0.35293945194131204
segway_nar_H1-HESC	DnaseD	0.9469449265891615	0.44927095504935083	1.0482209476448925	1.465647210395469	0.9838460420804571	0.42430356252518436	1.1700133634844168	0.30817222623274765	1.1923921655276437	1.8009898385566867	0.9235669696729424	1.7457837758384904	1.2186551354861548	0.6204958238097615	0.5630522630513145	0.6288110373857336
segway_nar_H1-HESC	Low5	-0.03159168134702063	0.6769395188217098	0.28464163028257505	0.07913996744038734	-0.17086745655396732	0.4627018550414047	0.04305464843151771	0.36331776001285576	-0.06865359478261779	-0.3956192644168336	0.41697706020015235	-0.13849346064455495	0.19720392149552762	0.3752324982657974	0.4470653201636033	0.5040702258167099
segway_nar_H1-HESC	Low3	-0.10137790910831249	0.7290765227970711	0.2981270326741597	0.40727667810191165	0.32824066358193205	0.7045919519526121	0.215748870538945	0.3753148604686598	0.26786710997506646	0.7323897922090938	0.2652501237995689	0.41056708855358864	0.6594456208072614	0.5206298348408996	0.7313586636154283	0.8056382966153459
segway_nar_H1-HESC	EnhWf1	0.22543260229073186	0.6459596306068403	0.193451613124941	0.35690118937644166	0.4836637188074417	0.5445029419058165	0.587730573927736	0.5322177360467364	0.38446915786611086	0.4706165860502845	0.13963950240970885	0.03852945611208198	0.4346475306133721	1.322180846361754	0.7999001837884703	0.8786715622691349
segway_nar_H1-HESC	Low1	-1.0112358481908055	0.6007225836141201	-0.5442032753852231	-0.9820511151602602	-1.7599125649947516	0.34285482831399133	-1.1012002406853443	0.3649418552889397	-1.5828466720690255	-1.7937727637372631	-0.5257116328154904	-1.0796335341796388	-1.1508795450437506	0.24492684450842825	0.3123361086178001	0.3210299314839431
roadmap25	9_TxReg	1.088339563973218	0.5017552398200554	1.3926891600019382	1.7257511000994725	1.107649275515534	1.062371777913675	2.8396594539606097	1.6339761214778383	0.9008640847185089	1.7310235430922365	1.4467266647532062	1.4760307083818165	1.5460133182480484	1.7396572537021808	0.5296132498749647	2.0023770159349796
roadmap25	10_TxEnh5'	-0.37448722442705434	0.4919892417644005	0.20660575293497474	0.44913963556718867	-0.35106197894223834	1.0924174121468768	1.2268436656024322	0.7250111824631845	-0.3477904265938451	0.5680647919413033	0.22084020285152442	0.4239566849199123	0.316096292961729	1.5185387315551608	0.414129746282173	1.1809670282594529
roadmap25	11_TxEnh3'	0.368418569863482	0.47459043497491393	2.0693907070020425	2.5548623373235055	0.3688957680153419	1.4541973151853793	0.20044943213590266	0.5857914685525549	0.3942672649884094	2.867698130400828	2.02617333793096	2.6978526250652894	2.2415769162639063	1.1312254008027953	0.4276903291018664	0.9228978985599529
roadmap25	5_Tx5'	-0.5875521054303044	0.4827186955800548	-0.40457762466984465	-1.0575845916834992	-0.657779323136042	0.8311626585998274	1.3487091928697064	0.5350614210391343	-0.6554020146573095	-1.3877490871489082	-0.4356087982116273	-1.1556604168587525	-0.5342508387477176	0.8159663024130253	0.31078993361237395	0.5765996144085673
roadmap25	2_PromU	4.52874515629906	0.4564422389678217	1.5751237514203928	1.7508927682603121	3.8056130753670443	0.3898359805126236	3.087762932801372	1.988031018669494	3.8673613573346013	0.8825726369384538	1.6966170281336597	0.15999371776904908	1.7947324544801382	1.732761782020441	0.9046115365854215	1.7070820831897449
roadmap25	19_DNase	0.6684572074708178	0.5694854661655039	0.26064505533282917	0.0443161722933349	0.6685128826103507	0.42192927728751595	-0.018427615399236177	0.5604603644445232	1.0135121091972652	-0.3469520038495476	0.2887045637669397	-0.4849312811092109	0.3558456790279773	0.741368830467908	0.6521631357234627	0.4757479879224191
roadmap25	6_Tx	0.19198698669885647	0.5095062330025454	1.0447901271617301	1.4703594506555493	0.4393883690999516	1.7690271394172457	0.6543497090208422	0.549726326318497	0.3686302662883801	2.5689265913683674	1.1313093520424664	2.3751270375210503	1.3847369329061698	0.8426663219720977	0.32195611746024994	0.712956826178469
roadmap25	16_EnhW1	2.0505887640652847	0.5516882616273145	0.8141479377238574	0.9303962543377456	1.5740206365236442	0.4546177652556079	1.6498678990277658	0.9555107479632404	1.6728429876144717	0.5215094351509039	0.8411534977408327	0.14404923146803472	0.9386391999961181	1.4844701695571965	0.725842368162835	0.9113063465672213
roadmap25	1_TssA	5.340836751482231	0.23498530380996774	1.2954572865952543	1.0362192501403156	5.7231886149496995	0.1778302351236499	3.3308191625922987	2.588890991046916	6.262373758095049	0.3240136588072759	1.20947566929928	-0.8045495960959798	1.4415878702298945	0.9270562853233888	0.49441562178196075	1.7755735025660615
roadmap25	21_Het	0.3821249421547783	1.3310715245503424	0.5440380169562627	-0.08924375477504037	0.5353145328641279	0.4033161642763507	-0.1782837961053848	0.5720745531124677	0.501083660225804	-1.3632424345583727	0.5878926270671238	-1.4056025294858414	0.647427401200586	0.2864685074964992	0.5148232215660212	0.2944315366178891
roadmap25	12_TxEnhW	-0.5306767136548748	0.5170536180589738	-0.17828354803396398	-0.19822938135088763	-0.39846101158917707	0.9568417909145296	1.9571686804632316	0.8199518138156998	-0.4784346016194745	-0.16210813828441403	-0.14611416847621583	-0.3403078731935598	-0.07317897651567384	1.4180017624653447	0.39065028785049166	0.9514547243735849
roadmap25	7_Tx3'	-0.145909608342944	0.4551885818588628	1.359906429826274	2.137726472657394	-0.05603353841008286	1.5289620690483754	-0.6304051925072137	0.47092406667717024	-0.0645867605888451	2.9156355477641753	1.4232220291694955	2.8477384672317374	1.6778494134118882	0.4823054545707537	0.3142877155655182	0.5031649985436407
roadmap25	18_EnhAc	0.5692290929422588	0.5074990194388801	0.38899715137880614	0.2545826514441883	0.5086029619931006	0.4719029548596507	0.5396734243512674	0.5462257660903324	0.5265903432704898	-0.4325135291086428	0.38974567975566643	-0.3432671550088083	0.24472077973213133	0.7421837854579112	0.6275912601025136	0.5099093614093791
roadmap25	3_PromD1	4.083558171257387	0.4138028765785843	1.0976198135341466	1.6363792137256656	4.7852708402207185	0.4494609445925507	4.386723318342289	3.0410312736774925	4.077695605524921	1.5927338759240863	1.0833934543814163	0.40166215921625087	1.4584332000972366	1.1986311419172544	0.8215741030213194	2.6682667345845936
roadmap25	14_EnhA2	0.8426644193608864	0.5423208830529931	0.5912032231498244	0.5409623456703058	0.6812808330799327	0.539955112462107	0.8047787472798138	0.7555422026326698	0.7648220354822696	-0.014281475887420802	0.5421153484817812	-0.18199744860381753	0.4774941430640737	1.4040297427353323	0.6329283979098305	1.0915952054542668
roadmap25	25_Quies	-0.6625348533092028	0.510576626095149	-0.34878007327006383	-0.5854699159405355	-0.6958694790456219	0.29275704256943125	-0.7058170546096494	0.4297143958273077	-0.7037106080622523	-0.9355296503480568	-0.3623002093411241	-0.9258587383218928	-0.4149180222534664	0.2902509306098496	0.45187078772624306	0.241070712792495
roadmap25	23_PromBiv	3.5957233461438185	0.47436742638826174	1.217380193105021	2.0491781392054653	3.6950781784935933	0.3352191098301112	3.1014795312303693	1.3779931002079175	3.6564910840665674	1.3652055445731053	1.323474959080075	0.807252429219328	1.740032151818539	1.5751468455177302	1.8540499487111106	0.49796762099720454
roadmap25	13_EnhA1	1.1437616358269314	0.5252559410453539	1.0110414544719972	0.9661848150574407	1.0793984873670015	0.5928344291358686	1.0862295416326928	0.9224318072725636	1.0384388741021389	0.42652669341926325	0.9887672997108297	0.24160803182002907	0.9074046830582241	1.5731384488311655	0.5784334268184649	1.6572126036304748
roadmap25	8_TxWk	-0.43051733272037107	0.412533890779966	0.6592208400197807	0.6624320822616928	-0.5860421525047247	0.7730702683824886	0.12008314836554629	0.4491162245695617	-0.5670213238865516	0.8321731939617328	0.6341989378972898	1.313044986579442	0.37902005163366487	0.4718029854184667	0.3083774885413803	0.4006451510392042
roadmap25	24_ReprPC	1.226459465984133	0.4928862982419676	1.0112418571109878	1.2199375033216964	1.0971408211138636	0.34842518932195027	1.5666547839622489	0.507898397040698	1.0903028159222197	0.7706595758414391	1.033515073041373	0.5624845961797178	1.060650912011689	0.7164314248176215	1.5338265124663695	0.3589597180664373
roadmap25	4_PromD2	0.8853888229141982	0.4910256071626047	0.7576409963252398	1.3002095781462477	0.8416841081086383	0.7497559881313512	3.55628513463298	1.8529599289859173	0.38850122694169886	1.6096324345367807	0.898974196206824	1.186657792066595	0.980532093393616	1.4811301253360005	0.5871955761590232	1.3137763758879997
roadmap25	17_EnhW2	0.19820922933607352	0.5187565300980921	0.3897925067501781	0.3931379525987833	0.09410909676666732	0.5223411173740345	0.5019068725664951	0.6517243770585431	0.11144453337090619	-0.07756225979609103	0.3277295374469048	-0.11635226584697433	0.2919995895183092	1.1157182398851087	0.6835552082301058	0.6581111040778278
roadmap25	20_ZNF/Rpts	0.2855582968560475	1.5221952065057067	1.3370390415273994	2.067030211910578	0.4052272985381077	1.2784670017107251	0.444432459881168	0.6456493348805215	0.43717531544385424	1.1667215841468384	1.383605932039748	0.8846255135665808	1.8782962424540426	0.3494818251125302	0.3698636467935578	0.38489451738566616
roadmap25	15_EnhAF	0.34193542686534567	0.5148551826164931	0.46398223554982926	0.48720538290066495	0.1649226212725881	0.5188343262725058	0.4758193007550625	0.654475546796511	0.21810449060729245	-0.34065942048274583	0.40479098655700024	-0.28626575590204334	0.33255547905549254	1.1152086733373998	0.6556153555101936	0.7845203551527159
roadmap25	22_PromP	3.18191003520846	0.5120593645939302	0.8745096604136571	1.0656129057537913	2.9982980698048745	0.39645308808976043	2.361614293839663	0.9423192704725508	3.391663808888808	0.5880703206631358	0.9983521347796065	0.20812245641175148	1.1050971098914029	1.0408154433652395	0.5545559761723944	0.826892751232574
segway_nar_HEPG2	Low2	-0.5856360946262034	0.6943242750368354	-0.24290769052150696	-0.45037461101789344	-0.3063154337708032	0.34018821445322944	-0.6010075106021603	0.5223980353027767	-0.36135621758107783	-0.5784864338107205	-0.19491957202734497	-0.752218614462425	-0.06447189777065933	0.3040422673908015	0.4641166055400448	0.20842495255046767
segway_nar_HEPG2	Elon	-0.5878578281896951	0.44378972984751336	0.4900347027039479	0.9265234866615144	-0.4131249389141914	1.6716300204269103	-0.5586332784777691	0.5224681933589157	-0.4686433396291821	1.8390815410381103	0.589712052186633	1.7198773235454607	0.7459809961327174	0.4331386051194458	0.18480856764405787	0.46782934187408864
segway_nar_HEPG2	Gen5'1	0.05267897489775652	0.4054541484388486	1.501387734103403	1.7236146803953991	0.33923943204117357	1.9060748589967713	0.6967543232878413	0.4943620158755267	0.25485764088088314	2.19975357622277	1.29049810571124	1.9427535601291062	1.5729274733946152	1.1835651617577785	0.24096856963097446	0.9200347831771951
segway_nar_HEPG2	Repr4	1.13331019762326	0.4158036043512429	0.503046520505907	0.6448213621470359	1.0747242020828969	0.292122141407074	1.254027351956084	0.7256715553885913	1.0230994794053094	0.28289908107778405	0.5687633540520711	0.006491554531542005	0.6845296559412675	1.7805122110879448	0.9037211689574743	0.31247635520837014
segway_nar_HEPG2	Quies	-0.9453145797164004	0.5824446644376072	-0.6025044655829167	-0.9959978266488849	-1.3972187126654882	0.14312428990220416	-1.0859220608515852	0.44022736812854524	-1.3342586287578937	-2.04935517649738	-0.6514557281130802	-1.4093750934230507	-1.0729771213029267	0.11472946769302322	0.21038002072941447	0.10562738814671813
segway_nar_HEPG2	Tss	4.831772942660445	0.12904717682278405	1.5862508621914087	1.159277653484743	5.185730456910798	0.12795218227138838	2.6657418141127427	1.7290294603130139	6.271245613196258	0.4990772572772212	1.4393994431865753	-0.0784525885874964	1.4703955894630016	0.6344936899946221	0.4951059425065202	1.766617759113878
segway_nar_HEPG2	ElonW	-0.5642151817905161	0.4234944165730578	0.33107110799217215	0.6470015307620968	-0.7193940481168803	1.1392802255793606	-0.49634985833523565	0.4562594121412959	-0.7020510563264029	0.9091584058244567	0.4704530406051244	1.3147226578730824	0.3517594009782311	0.2965668930910713	0.15097204372848996	0.31641881867073085
segway_nar_HEPG2	Gen5'2	0.03869350856957907	0.3118021613399677	1.3663268577459715	1.8975914342961457	0.29859838756297624	1.7514920142037205	0.3315312459570625	0.3384703653841266	0.25656631442522326	2.5208167002482638	1.1334046009339012	2.3862525140018693	1.5566759348142407	0.49268832266467316	0.17830564634649557	0.43379471073160475
segway_nar_HEPG2	Enh	1.2368296567457244	0.34329438451077915	0.9581033283944884	0.9235121288297872	0.7794167237019473	0.5933352353254274	1.1020037618247738	1.1287741665375992	0.8489413307127377	0.6581986652363817	0.870390077693048	0.46045226432203107	0.965555769564382	2.5096844913397547	0.5052161422116931	2.7249827020378508
segway_nar_HEPG2	CtcfO	0.9358426052645195	0.3396573181101094	0.8126445444088373	0.7709759707043443	0.7949415796383086	0.3857318555803253	0.39559826578637297	0.39588673925252277	1.1790698275156777	1.0593396144442997	0.8085375125793327	0.8399972998552667	0.9399097565104724	0.7371646267903347	0.44154354750635966	0.2816723376257253
segway_nar_HEPG2	PromP1	3.0709597369994066	0.3111562374324735	0.8363790953537634	1.4300521475329597	3.12408993591254	0.2348913624007942	2.3939193577772224	1.3863572331095608	3.1061976703179046	1.1359541961098503	0.7899801577084113	0.6782320392760393	1.2278742976865964	1.8621587933298704	1.2771946114381156	0.3592633439549987
segway_nar_HEPG2	EnhPr	1.2386402936537355	0.38670448985708	0.8131316160766853	0.9262295040226384	0.4824931209812119	0.7159456477934345	2.405833220660366	1.4614079022545134	0.3557774918233117	0.8182433579480258	0.8773884124922727	0.5750087080651324	0.7896117616355204	2.359695357711514	0.6037914836426008	1.6484600298496406
segway_nar_HEPG2	PromF	2.9869302605342463	0.3403737605312248	1.000651837311435	1.4429374708304545	2.280585930802185	0.5530373646116922	3.5757028438028002	2.583299362597372	1.717816492811774	1.358704861184546	1.2030162078651658	0.767943671700544	1.1288604401988047	1.6166296806336449	1.2698375928656724	2.517898987700412
segway_nar_HEPG2	Low3	-1.226857812016938	0.7475346651572917	-0.7635347031109794	-1.2894593333925863	-1.7756046367843012	0.18578038449397943	-1.4487012639630281	0.6157069436019066	-1.695630153613094	-1.9976081982089717	-0.7280550966905149	-1.4718815158318626	-1.2523594454965565	0.14496913353064758	0.25226820681351986	0.14525691032636356
segway_nar_HEPG2	EnhW	-0.3307986347063264	0.504281815700552	-0.005545485287333997	-0.325114578489359	-0.479002908911524	0.32437386172600025	0.09391903130599094	0.518429324862755	-0.5395061090027878	-1.0369975429313165	0.05080199290622369	-0.7949884283378679	-0.1972570554251498	0.8021253850440874	0.38331436269549474	0.33621732625065426
segway_nar_HEPG2	Low1	-1.093971036141804	0.7164685735061447	-0.564905989234147	-0.9450144179744718	-1.3922020130826118	0.3304356631062779	-1.0810005583685571	0.6386535669374028	-1.3344022699715439	-1.2101731090313947	-0.4863199092231577	-0.8177549701564603	-0.8450328827805289	0.2470224931675515	0.3171906143097618	0.22319447850168078
segway_nar_HEPG2	Repr3	-0.22892726595023374	0.5644174604091113	0.0004618836228956072	-0.13421459969835917	0.05560405109411683	0.27451269629725616	-0.12285164025350886	0.5087347907377582	-0.08808231306185277	-0.41899396759509977	0.0641971500195781	-0.6710053494785723	0.24286330123996586	0.37735931143826296	1.2535831118808765	0.18448091011747944
segway_nar_HEPG2	Low4	0.29739041307849995	0.4758250348361103	0.31470454199993025	0.3663823977895293	0.4528239010591097	0.22333623977144137	0.1969878851310597	0.31209865943449294	0.6045784940608457	0.1920420757977234	0.18366099320767088	0.1677759402581646	0.41389043022664684	0.23293355873023733	0.34042616464116254	0.11952446714455368
segway_nar_HEPG2	EnhF1	-0.09596481104568859	0.42679946584633344	0.34709162356279977	0.34303866100410274	-0.23673688293612344	0.7717536087061978	0.8885096716579881	0.7417142857304543	-0.2545890074690178	0.14065491369269637	0.3454848733553171	0.09507766377435953	0.24929687753476432	2.492630839396458	0.2962774249786167	1.94685077346696
segway_nar_HEPG2	Repr6	-0.6099433719827253	0.6015081699398366	-0.3356810322932426	-0.6474841741849003	-0.7232888872895178	0.20105118187258597	-0.6867778088479018	0.5443343852321845	-0.7093097897225397	-1.2045365939623447	-0.22849879944789542	-1.0977194471712302	-0.4130083837502581	0.21534884136159518	0.9292701685187943	0.14672245069368603
segway_nar_HEPG2	PromP2	4.489921272497981	0.23768239675719907	1.3132936984640664	1.6317148650269961	4.95945036589488	0.35029800184412696	4.142865387255337	2.9837465037015085	3.8049001287153077	1.3965256763574783	1.1328167574397536	0.2380515865090781	1.6634727007490215	0.7825304269970976	1.4336833948508678	3.500978617309751
segway_nar_HEPG2	EnhF2	-0.46688859933707355	0.4793663285111891	0.07036081879072048	-0.20179604017008368	-0.43846645538543016	0.6987078106463331	0.4231081117745398	0.5881697329100284	-0.49164494059870484	-0.35895691090984494	0.167667918246678	-0.22739990577926839	0.019982377303109564	1.4277128251344178	0.2509154668316799	0.9101503318415105
segway_nar_HEPG2	Repr5	-0.44206375942451465	0.5291863327708627	-0.24239672724341615	-0.43087974679519386	-0.5751576113465195	0.19340759912948674	-0.4492798065000653	0.4529292892435031	-0.563089963885082	-1.2167943359728108	-0.1986312239305435	-0.9888927437814964	-0.3057541842828294	0.21540170012860083	0.8889164617390137	0.13150960337851308
segway_nar_HEPG2	Repr2	0.38887535323356337	0.35061032158197614	0.3749014241248205	0.6027636808729377	0.5860427167459961	0.17901203996788917	0.5933517993562186	0.3123231884876764	0.5202970145134372	0.5509018701977052	0.336136614675481	0.30926585349465446	0.614430069865653	0.25724374863149974	1.2514470274346503	0.10100201076910721
segway_nar_HEPG2	Repr1	0.7313978672295494	0.4368726866610186	0.5544824777231547	0.7951113110078469	0.9903361230558153	0.2722775895250455	0.9073338710125662	0.4329967507265509	0.9477320007289012	0.9284360865051627	0.37337905167778423	0.5706549006659535	0.8167011659572004	0.7217484213897699	1.5591443198158508	0.17295680558917464
chromhmm_nar	DnaseU	0.43031801811165066	0.5939987361593491	-0.020649289113594173	-0.03505434078621784	0.5017799167304409	0.4774126579144906	0.10397152092755269	0.5545397915244827	0.6799836572385165	-0.27761807891159795	-0.009026803216398965	-0.35878230400390415	0.1874858215138645	0.8434748778301298	0.49143597527814215	0.6000603263306686
chromhmm_nar	Elon	-0.3114244144475388	0.45454022322624726	0.6611852386823394	1.54616430374819	-0.15094451568390885	1.6937313157622602	-0.41393674861552626	0.48813983706995195	-0.18807198151343485	2.515205354467648	0.7451522039984084	2.4275589232879247	1.1275270270657305	0.46020534420366194	0.24855889522907001	0.481751292959477
chromhmm_nar	PromF	1.4241644149190278	0.4984015835864815	0.5339985352134609	0.5932071514891121	1.0222230485059338	0.4963401041703064	2.3698129665051937	1.1914697175432967	0.89351870425957	0.369122954035493	0.6042412212506786	0.030821441350111053	0.6138739836236445	1.4909338338720342	0.5731552813008959	0.7446459861113005
chromhmm_nar	Repr	0.4038817864131926	0.4814400989730747	0.4130370288251975	0.5410204458829321	0.5699039328332433	0.3183098648060793	0.6557013882136301	0.48676511864255334	0.4757657302426468	0.27170156439875853	0.4387226589756571	0.03079157071755075	0.6322181724409732	0.48491469307969576	1.547471909558975	0.2751264259958619
chromhmm_nar	Ctcf	0.31280315754535176	0.5501923914829291	0.2806048315227451	0.30804435878438313	0.45708905361519486	0.4331692695918637	0.05919846456989123	0.5051446528487556	0.45532338871689515	0.3253422336436542	0.56839183990521	0.1650495531448365	0.5903289815510671	0.6016769066995068	0.6210410429038067	0.3787882284694844
chromhmm_nar	ReprW	-0.029495372475244575	0.44006672255093326	0.2741061249604348	0.12136794328345954	-0.17552055018705487	0.2738149500583316	0.13358271634824717	0.49048195272520745	-0.16353863157018922	-0.33053207253133615	0.2481584230023718	-0.22797476399041283	0.09628867753250195	0.34806129027468086	0.923959647713201	0.20770510851787835
chromhmm_nar	Quies	-0.9753006001717758	0.5380064897686626	-0.782236523803531	-1.0570247294461168	-0.990300071152213	0.24439642143707438	-1.1735028329569075	0.4278216644223326	-0.9950259005215112	-1.4225974286427905	-0.7906267786117123	-1.4406258559683818	-0.8057620592131661	0.2034457938650729	0.3630696686500447	0.19051783900269997
chromhmm_nar	EnhWF	0.0924496609233475	0.5158857719761532	0.1651396303450662	0.22653104608967597	0.10209925645192956	0.5294143963839663	0.6222014560900787	0.6203118349379049	0.09132217301428809	-0.06775769538947839	0.13138264457881668	-0.165595090945606	0.19334269702048493	1.5527921219809013	0.49972513262281154	0.7006379637829075
chromhmm_nar	Tss	4.709424085594827	0.35797576583243235	1.4725438359911305	1.599316658769402	4.920652276990191	0.3870363456197677	3.8466983419615675	2.6532299318274313	4.944342497804158	1.1711020845797953	1.4753156051761025	0.26131889878614145	1.6589121393809079	1.2129918066777157	0.6918363618502282	2.727657606915643
chromhmm_nar	ElonW	-0.42241728967704706	0.4385596188090851	0.7138000416743668	0.9380246308249143	-0.7004627742432824	0.9919702260838554	-0.18852827424674096	0.4931916451603806	-0.6392559572419981	1.339613819740012	0.8290299209690529	1.7404863475796044	0.5659451679235107	0.4085246642407912	0.21459901520704994	0.3983031877104877
chromhmm_nar	Enh	0.8227832809246286	0.49027482862934424	0.668683937102953	0.604835057765348	0.5599711640407965	0.6790795852023522	0.7052777968667718	0.9374068541790603	0.6774837987035023	0.2768512630266101	0.6549457617057768	0.22824547923153127	0.6382337648585318	1.7813759299193075	0.44504757950189533	1.8966606687061114
chromhmm_nar	Gen3'	0.3305414214546048	0.44627500257368913	2.053973057472566	2.4959141977450554	0.4938424513819749	1.810769049267607	0.3800954852885112	0.4581426673658379	0.4532952435573202	2.831820457797257	1.9905539500661986	2.845525394823724	2.1495633342095983	0.6154878415283255	0.29535919326403703	0.5901599156012599
chromhmm_nar	CtcfO	1.0193719695513528	0.4877324672331875	1.08852535933634	1.0908388900053452	0.8591451370043998	0.5441005700914344	0.49889632586149907	0.5355608769852517	1.090942023382813	1.339997561008032	1.045444342452715	1.1988377795925047	1.1062622732348568	0.976261095098673	0.5391414104962832	0.5204783617492079
chromhmm_nar	PromP	3.8856265813600506	0.39115728139099215	1.149701852619459	1.8493882328160969	3.8590916467641323	0.31740548285165454	3.0504691400269808	2.0449326883349817	3.9320856066018885	1.3736790426025036	1.2353394742418382	0.8714340185949004	1.5788928866518148	1.675252691796455	1.4916947724688612	0.6704322339642796
chromhmm_nar	ReprD	1.7307539438614763	0.48005157497751505	0.9779751296619783	1.480351405115162	1.7457571725187628	0.3165128667290486	1.8482261773706326	0.5844742953818128	1.7018241119651043	1.2982029794917114	1.0533249295181721	1.0672989852637458	1.240006096290812	1.0791237925648989	1.9547972653852008	0.3467497504030476
chromhmm_nar	EnhW	0.9816933348573671	0.5002300696420171	0.6882150064281408	0.7457265988001608	0.8867150101445301	0.49581880824459484	0.9983737878685184	0.809828057733503	1.018213265405516	0.46730677276665206	0.6301466030198418	0.37405110610913966	0.6268883521486069	1.7850628301838907	0.573842919610306	0.8711261786656262
chromhmm_nar	Pol2	0.589733866388971	0.46072768193109165	1.7949165763171524	1.3870309371840335	0.7177728932934552	0.6822701665883872	0.9591778204950077	0.39911656091518416	0.7705685091875394	0.7083949264854816	1.633144582456539	0.9704183112771889	1.440095663428692	0.5785313643106892	0.3527759369368288	0.5097216569077376
chromhmm_nar	EnhF	-0.024623531710299084	0.5539826197588589	0.16134196457226485	0.09881829507454026	-0.17225601725220563	0.6192108958147445	0.4181224292079863	0.7509061495713724	-0.2162662925515301	-0.35001482293538183	0.1861545850161355	-0.2891709669198021	0.1058450926991714	1.6781693183515136	0.39150925083499577	1.6097379622196994
chromhmm_nar	Gen5'	0.1885463463412398	0.4772923832463186	1.2940128349409146	1.6651649487520044	0.2586246156593068	1.4033010125399288	1.254145974071039	0.6478239083618614	0.23066835315572748	1.8573456994245603	1.2770945400111196	1.763356029037792	1.4269826895661555	1.6510869249257676	0.33107696815912446	1.0811427230444688
chromhmm_nar	Low	-0.2688147295889132	0.5238714579815064	0.21774130553858934	0.020701384864570502	-0.34494794523522854	0.4804719833241894	0.03830813177912374	0.4493565768954147	-0.3657395208166371	-0.15929577327603114	0.20425846296822198	-0.07836362874193145	0.09741967767549382	0.4795389038109292	0.4394326584228453	0.4003013504353502
chromhmm_nar	DnaseD	1.1048693713327296	0.47586229524288903	1.0929645463740956	1.5362807167913777	1.1913789790902154	0.5050587565896658	1.3322900575508407	0.40731256154658735	1.2394829328663979	1.829980379448534	1.1778218617358693	1.7939393587708585	1.2689079374398378	0.81279489904713	0.7492098091124545	0.5355560460191925
chromhmm_nar	FaireW	0.049044340478088394	0.5803053006896592	0.07614596546500742	0.011793044417198398	0.12293657517238857	0.45472315220167764	0.22689437383829833	0.4586711885269721	0.06574015125607688	-0.34056223594275387	0.07405091272154007	-0.25306589891139736	0.117870114315922	0.544308100503449	0.41971242063623443	0.5695315115584095
chromhmm_nar	H4K20	-0.6362203777742865	0.4845133796563463	-0.405730891665246	-0.6986263752391375	-0.5769058941742584	0.8475101547482423	0.8053312774858533	0.5369406652166366	-0.6398073143995392	-0.8287212048606439	-0.4587418304214913	-0.8144488778716841	-0.2926899868896274	0.864711846854006	0.3838104203967697	0.6297977106089553
chromhmm_nar	Art	1.5174144684080249	0.6276619213134857	1.9256239204488736	1.7851607239149483	1.4246631937398293	0.8805216026030414	1.2950164578852421	0.5972991013596802	1.47934468218653	1.6143526548855427	1.8494592048656748	1.5534888093839687	1.8373723084987137	0.9187854665174648	0.6160730436256532	0.6860103065620158
chromhmm_nar	TssF	2.0615067352068057	0.4881587334567994	1.303926688664086	1.5283261328546174	1.4326994630520038	0.7826165990723879	3.3117563712460565	2.0294056269710827	1.1510035861961285	1.600655942417301	1.3788514707520334	1.2191415184434546	1.344916638628097	1.709553819830683	0.5709909864214889	1.9965434046762773
roadmap18	4_TssFlnkD	2.6155563338003134	0.5390531619768446	0.984812459750512	1.4076650359520861	2.1515958915200204	0.6364563733604416	3.0107692181426233	1.571624485750727	2.044197016937518	1.4727046277471865	1.0794092209651036	0.9827186165941592	1.2211014372638496	1.784555666713368	0.6947767736701763	1.2286679361042934
roadmap18	12_ZNF/Rpts	0.572830288057192	1.5122850970857988	0.6754713105527577	0.5551427930431989	0.7128261265347928	0.6403457208213973	0.27237090760084903	0.6502108896551874	0.6816365256848785	-0.28296266883317556	0.7444959923700042	-0.49982295523374237	0.9727832786481939	0.39417451120339464	0.5246023458550509	0.3613629080050883
roadmap18	6_TxWk	-0.21199816272825955	0.4393724022555626	0.7102303342207664	0.7446491771011704	-0.29348141700828567	0.8150783688521502	0.45529899495864035	0.479412074452823	-0.29392364098291746	1.0430963931435802	0.691906734833683	1.2119391974345994	0.5761329519876801	0.582253861675383	0.3437608581707063	0.45518446011881963
roadmap18	17_ReprPCWk	0.1338863799102939	0.469722074503381	0.3184704836523118	0.3170326921769483	0.09415015136097633	0.319303120403538	0.3625520841516752	0.4911198844367572	0.0887881431259871	0.02388533754794297	0.30720694062843173	0.011914262633391319	0.27323438137653555	0.4562706533376203	1.0330927040111093	0.2888950054279229
roadmap18	16_ReprPC	1.6237606156234135	0.5341150158301781	1.0934986577341792	1.3590335911648592	1.4910967979452925	0.3685984955085624	1.817859254268918	0.5752378023201832	1.4630250191580774	0.8145877017904954	1.1375222777088143	0.5759348892163452	1.1624766158174564	0.7839967668540342	1.7598957885835316	0.4167429138866915
roadmap18	13_Het	-0.3403581798540031	0.9194682232771226	-0.16525931302101762	-0.5766044752250563	-0.3882325958714494	0.3127729412797939	-0.6421630531398476	0.5077360571895644	-0.3771975993265091	-1.4869150668483762	-0.1748841558420418	-1.5008317166246767	-0.23708910537948819	0.24034530813534394	0.4443499366866173	0.21814452669881929
roadmap18	18_Quies	-0.7187146042451322	0.48584385724032375	-0.4946071429789971	-0.7249359470488184	-0.7392214077258336	0.2808823306376797	-0.803512403719499	0.4121321739721431	-0.7416731777809555	-1.02777893763478	-0.5018072054545666	-1.0368654963875796	-0.5257348522168722	0.2658984763346014	0.3874526097676351	0.22975815200257038
roadmap18	3_TssFlnkU	3.023116859048024	0.5429074079077971	1.1972044171419614	1.2614835145762926	2.218486418345018	0.6483598217946811	2.735811471763119	1.7199987414885396	2.1307124450990673	0.9839171315180293	1.2367214573170997	0.47007698728658664	1.2862791669607172	1.8815710389748226	0.5869738665750475	2.417374965781593
roadmap18	15_EnhBiv	2.290156223299063	0.5565127654046593	1.2795602927877432	1.8202206184126555	2.1090125174197314	0.4469579515177313	2.386033317212257	1.0604777093637399	2.07413769835901	1.1516122413512468	1.2783485293619299	0.7826966077128404	1.464273128596121	1.6265217145016813	2.1234352218291392	0.5874007877162893
roadmap18	7_EnhG1	0.25630288294679493	0.5015279069723756	1.6126768106667957	2.0931471259741334	0.36490059358453836	1.492272453375078	1.0302301149476805	0.6534021742312066	0.31513858267266026	2.424790570664819	1.6699794681555415	2.2750018127813956	1.8211005161451013	1.2624401873825353	0.3825941528983363	0.9412612722011056
roadmap18	10_EnhA2	0.7805536977430713	0.4933332416586981	0.4230749936616766	0.199517668923737	0.3482281321527401	0.5381898887555365	0.6598172396285631	0.7339493694996527	0.554095868407796	-0.4254447050431792	0.37257575392312214	-0.3580050167641465	0.22649818694293922	1.0592342321967942	0.47433320941041923	0.8738269417963043
roadmap18	9_EnhA1	0.44214830322481563	0.5377919477845223	0.3703155192616919	0.34603141530307746	0.23815023839102897	0.6208052745088845	0.6631461680035436	0.7568598288423607	0.266850743925441	-0.22245781176250662	0.3410196846331496	-0.27148709262407184	0.3083818211083333	1.4155489154096044	0.5639634830074282	1.236956581486943
roadmap18	14_TssBiv	3.997914847064511	0.42689278678512177	1.0491771997109043	2.0350025996729624	4.225451898758191	0.30507064553498386	3.308639509819624	2.2508798814933724	4.141219448966396	1.3458182133859455	1.2136496815491291	0.5870944451640635	1.7850172558926043	1.4640679008392308	2.0500376487087255	0.6887949060072297
roadmap18	1_TssA	4.602860745536489	0.39258939985436136	1.320170882840014	1.478347534223822	5.002794114615006	0.4059976404227078	4.014369202170024	2.8097266244948043	4.897264525393357	1.1420687442720239	1.3239585676653576	0.06053316199681788	1.5328722954927407	1.0768135309050344	0.6118197871135371	2.5598724005724187
roadmap18	5_Tx	0.002170283961755565	0.4595819189073629	1.384748125880936	2.1519087422435317	0.060756054892610316	1.6458359667821891	-0.24737734189429175	0.4724584262824571	0.0581758209607225	2.905513256921596	1.4512317499891123	2.8820017794927875	1.6805098560981027	0.5340080518605252	0.30340614821882705	0.5455053437798343
roadmap18	11_EnhWk	0.4572511939682239	0.5246843377019138	0.38701749271111224	0.4387452975944747	0.3678936310341128	0.5840581899630143	1.0067438052598952	0.6632674396958499	0.38177839101109823	0.11435748859235748	0.34401264719528885	-0.021872829778013834	0.3924988483691799	1.286940735616163	0.589026482912289	0.7362617271415145
roadmap18	2_TssFlnk	3.924899355774449	0.41641947241459665	0.8624882313144417	1.1864834238060114	3.7845207011256288	0.4083510343997566	3.3252350306561906	1.9392558351670344	4.257502584814509	0.8042669206519711	0.9873510845160363	0.24383040018611354	1.0611869396459068	1.2091943729976746	0.5697349155871866	1.0041254707287652
roadmap18	8_EnhG2	1.0237394955734247	0.5906667682910446	1.9321531012130713	2.296124605051495	0.9807131812664882	1.5238668703881244	1.3857121040976095	1.0463223861668167	0.9302502333918674	2.594415346088894	1.983957919223701	2.42937526689023	2.154159219862513	1.7523117944674957	0.4458793084965406	1.760518039905539
