orig_label	(04) H3K4me3	(12) internal introns	(08) 5' flanking (1-1000 bp)	(15) 3' flanking (1-1000 bp)	(14) terminal intron	(06) H3K4me1	(05) H3K27ac	(03) H3K36me3	(02) H3K27me3	(09) initial exon	(13) terminal exon	(07) 5' flanking (1000-10000 bp)	(10) initial intron	(01) H3K9me3	(16) 3' flanking (1000-10000 bp)	(11) internal exons
TssF	2.6878691390405205	1.439549002750796	1.2693899823800892	1.5750647658494716	1.7615522188184434	2.0980468451124312	2.0747387763534975	0.7666419540224833	0.49761423210202643	1.5351917019577275	1.55864098854494	2.3330228177555994	3.461855651101986	0.5945545923439293	1.4995541262091474	1.819248164829439
Gen3'	0.7491831511942889	2.857849811959749	0.4975326198236006	1.9592891576899165	2.4949043836145903	0.7427279387835231	0.746835989081035	1.46702773983037	0.5164135101821093	0.5408311332335723	2.152901729814969	0.3699851528996096	0.4338014026370536	0.7081449544775992	1.986385697699924	2.834017569544394
EnhW	1.0436133260938993	-0.3808095830879361	0.21536379535043074	-0.09743010860482734	-0.17215088232054845	2.196741304330319	1.0797913994231993	0.5304849416117804	0.46090974596646467	0.07550407399049214	-0.13016665764656474	0.30007945926988927	0.2674874326944507	0.581521924437214	0.012105735937992555	-0.386446829534034
Repr	0.6503423814387731	-0.18633287286632885	0.38772513527088825	0.22162914389947427	0.27669779522094906	0.4866512465511281	0.4127426887336956	0.5203129689432638	1.7725800422670936	0.44255350829635576	0.5568790938088014	0.1146273828518702	0.2862034467095242	0.8643132120182114	0.17005371087318438	0.2622797234450532
FaireW	0.3799607904857818	-0.814460434194715	-0.7817442043937041	-0.5746738351208807	-0.2985058595616947	0.4757903125982114	0.41243753919091797	0.3921798594070818	0.4083434821073514	-0.8079255930084205	-0.6255553069912283	-0.5621423614150944	-0.1400266601119207	0.48062310584866913	-0.26116067427872636	-1.7365148410187683
DnaseD	0.7553732157364522	1.9097446004513543	1.389487828418879	0.9875572342051256	1.5845295619408768	0.7411282675847651	0.5858601792142079	0.5995193131818422	0.7963360558816143	1.3705460234103313	1.1707281362467556	1.2681014749029362	1.5255406917372405	0.694631189010898	0.9341692977864887	1.974903591935026
CtcfO	0.8359639083086782	1.3783454515635005	0.9585203488381967	1.1538560578214982	1.2144794043969958	1.1188655255481947	0.6698230347486329	0.62684064532834	0.601992335430608	0.7295007426821241	1.1402945149841581	0.9517498213317592	0.6030928538105845	0.629078665568307	1.214760440669444	1.4433668643986732
DnaseU	0.6124450103833315	-0.8263565670375768	0.37158344866192705	-0.28171515711638856	-0.3359119906760594	1.2696444018277904	0.587251442919545	0.480112666678468	0.49974003022180835	0.07179106176684216	-0.3016322741148074	0.1220914168749702	-0.44212371193070155	0.6338375423229248	-0.35173791152916545	-0.9834755219892638
Enh	1.7112412156115846	-0.13991908963577063	0.6748670668069934	0.3193608392814387	0.3577122572896984	2.6158917488696707	2.819913396808874	0.5909752981635582	0.41995099607123165	0.5042746492109917	0.2802331972428871	0.7287978673843433	0.6002790802254839	0.5570218536786148	0.36683579144767064	-0.18440585005715207
H4K20	0.5774371874431803	-0.14639836407697268	-0.14676595178551774	0.07389407444579867	-0.0226975721028094	0.5827211708096623	0.4642393204875846	0.6516764424445657	0.7379171461900312	0.08508118298062742	0.3258328456641393	-0.38131390210227234	0.12085635009401897	0.7483394658542104	-0.046451479453366695	-0.01790559339709398
EnhWF	0.6515517333357412	-0.6130536221353797	-0.493075952014036	-0.06778254121098433	-0.24867731202653764	1.8850452418985175	0.7691526896942535	0.53017536956073	0.44839911376698466	-0.4345506402331539	-0.1611112850478784	-0.3392426774899857	0.32219752712780503	0.5866073889199108	-0.08471743834011405	-0.5988548662258133
ElonW	0.3811252144049816	2.1838182103809824	-0.6679284293715806	0.9150495380924915	1.280933792495958	0.43699708138386684	0.3829557315832785	0.8379291069338914	0.36087740796800977	-0.7130633720470168	0.7401983630754663	-0.39274578052785114	-0.3161086414716435	0.4742586346911243	0.8385231381651618	1.7339888832725185
Pol2	0.64087972572325	2.239964182627608	1.6027453949194774	2.38992070611117	2.42358594345449	0.6547254520550774	0.6173749164647097	0.8867597183980913	0.4595313593778978	1.3917176289548285	2.32273832658232	1.2477979680733478	1.4501294822745132	0.5745215064141711	2.477379853509179	2.1799259464655636
Low	0.4007290447327108	-0.17913715351873755	-0.35045703599854156	0.03619915784515514	-0.08373567593020083	0.4445348045046127	0.32553380789535563	0.4447482899914408	0.5824320496191904	-0.3401343821530894	-0.031185411706353697	-0.28780628929404245	-0.13802326764047984	0.5768290041646233	0.04963201835919356	-0.22727859071193054
Ctcf	0.5930420780526	0.42846588295238525	0.6109354689512824	0.6696948525461544	0.5098744434072564	0.6597952940374866	0.4566001499461251	0.5387052344541563	0.7030511020722698	0.5776593219811691	0.715931856042403	0.48799411829882844	0.24893167875661498	0.6722018544448517	0.4709498107344748	0.6372812280093636
EnhF	1.059261289396411	-0.31831839820186586	-0.05595837427020978	0.27665159565817865	0.26094384730750514	2.362706802266684	2.1858326602550027	0.6040505126107845	0.44719416982462573	-0.007445119010867703	0.23293806567374248	0.20581352852506202	0.5918328357243683	0.6302443258279188	0.2918830858099665	-0.3123344905659732
Quies	0.23716376489750526	-1.3770034119369057	-0.9673048681409372	-0.8142440669225917	-1.0387028282088266	0.2597395245155248	0.17611999988513302	0.2650578759617627	0.41499527842480355	-0.9589262451972786	-0.8258047379634276	-0.9510855783177786	-1.1589242596601705	0.4532323170309693	-0.8101452677363432	-1.3562193091393295
ReprD	0.8000472632802226	0.26781286259294107	0.5719427916112406	0.3062165175195466	0.7246961411749919	0.5919154360916865	0.49629925273948194	0.5433683736842482	1.7665444115978912	0.6704211881160161	0.6469229343150272	0.3457177601129332	0.5773981647731989	0.9362885562660191	0.19944568103295776	0.5028103536074277
Tss	3.6019506071904304	0.29021985605816597	4.853607946820725	1.4731716912790804	1.629250791498183	1.3129994684995616	3.5482589600989924	0.4721629857264711	0.41033987462174765	4.832006184925	1.631724520690335	4.656724383082638	3.8282964416581864	0.5007280627822941	1.4375921761065502	1.1490106110025762
PromP	2.40714141795419	0.8469694016453932	3.8419471753125807	0.7638749875012248	1.6588110785909196	1.623397067942029	0.9746631748122996	0.46304494246963845	0.6293806876613981	3.6980273438961917	0.9792422446526209	3.926683344827078	2.8299334914189025	0.5614632924380973	1.0301296545037122	1.2259484551370405
ReprW	0.45943056831367074	-0.3681448450856385	-0.09007944375651995	0.1930080311186807	0.07154723194610624	0.39059615430984196	0.30411070410314206	0.39846713360978064	1.2144176754649458	-0.12359342142867502	0.04493456187443126	0.036778223941218574	0.05587811091468372	0.6673962228060115	0.2163740059868345	-0.48536832493863863
PromF	1.3045083927876029	0.12492370502696919	0.6729232578154891	0.6146307544398045	0.5842414512642017	1.5358303918919285	0.7247833010629318	0.5950891247716603	0.5145033745560124	0.8488258532198293	0.5184115135485424	1.1830021340335526	2.4972488975025877	0.565950142861928	0.6135735666349079	0.4909843819094906
Gen5'	1.0309461481175146	1.8129449718824049	0.320198840327916	1.33916329513689	1.6237912974314486	1.7977336404162467	1.2178501099601133	1.240060881985111	0.48385853733957035	0.35938463420810157	1.4606812827630822	0.209424024536431	1.638185179535184	0.6775059651087186	1.3329633903145632	1.9675967878618539
Elon	0.5449390985875171	2.6237362356509277	-0.17965923643445086	0.7474122404961443	1.5980226792686225	0.5620697267875228	0.5369034087678155	1.3499026743870357	0.4542210031605141	-0.15188170647165275	1.1955030817917882	-0.3277965431352117	-0.5814967810852333	0.6471703086540452	0.580903221611238	2.8224356516114764
Art	0.7902359201783428	1.4194762564982275	0.9788024237235632	1.8363223924849859	1.6586890119986826	0.9462736566964483	0.8060562245674764	0.8592386738820111	0.6135201908692938	1.05348708503755	1.7784170255279335	1.0358276138052254	0.7798725936603342	0.7592159231528665	1.8998551504188996	1.6117726154008114
