orig_label	(07) 5' flanking (1000-10000 bp)	(11) internal exons	(13) terminal exon	(14) terminal intron	(16) 3' flanking (1000-10000 bp)	(09) initial exon	(10) initial intron	(15) 3' flanking (1-1000 bp)	(05) H3K27ac	(04) H3K4me3	(12) internal introns	(02) H3K27me3	(06) H3K4me1	(08) 5' flanking (1-1000 bp)	(03) H3K36me3	(01) H3K9me3
PromF	1.1932553067739249	0.6928534354848123	0.47628682423339236	0.643194480547547	0.44613614991783695	0.8962348753045591	2.532821149343704	0.4784099719927679	0.838668777954	1.13582404284	0.45380929867025244	0.433618997853	1.38159986313	0.7755860952451932	0.539176685329	0.598787137125
CtcfO	1.1253211827898892	1.042711068511945	0.8869945251858838	1.018490507443765	1.1437478911804586	0.8519990055136242	0.45654872394517143	0.978788710738917	0.383711895796	0.61476666919	0.9734710949302139	0.520893211611	0.969703040719	1.1034839501702196	0.522962770644	0.548290666681
Enh	0.6162180106947425	0.11144262163323583	0.6865544357056872	0.538625187413077	0.7495962949700198	0.3445579268771515	0.33354163822867444	0.7037205093110657	2.77450253129	1.21137701671	0.14893865676135262	0.31161395235	2.2891164237	0.46227496993715744	0.69353563966	0.643664142881
Low	-0.09132664822350844	0.09793564769585877	0.29018904693459996	0.22888612740460734	0.4112144519602053	-0.15152090231174067	0.25533591230629166	0.39507863630937196	0.281920666256	0.594512250313	0.1428213139260166	0.471542363496	0.495103051117	-0.18530464184164852	0.421586909105	0.506902033114
PromP	4.2050948673284365	1.3550502689054307	1.6634315873436025	1.9567441962926793	1.0894339001493676	4.168542765753086	3.1633572418741522	1.243566854224026	0.689167754309	1.62414191934	0.825276307103914	1.07106673598	1.62213367574	4.258771675372557	0.526995962314	0.555949152612
TssF	1.7217385177371787	1.5724446883541248	1.31211708178847	1.4507543528916513	1.2532640238052337	1.1583530482330289	2.975663401637088	1.3099082428419357	2.15179518152	1.76311281674	1.2953082325715448	0.369995780609	1.73134516417	0.9252145872059441	0.748072145051	0.621011135597
Tss	4.537854667936487	1.2004998070129396	1.5975196320737564	1.5595217754569775	1.444427504127914	4.7300662878704385	3.789142963002298	1.4615971005912234	3.04885811591	2.15673076049	0.3584416913031774	0.338647639961	1.16952175775	4.754219443528083	0.520242781635	0.539166144618
Ctcf	0.4170100868681949	0.37378348147929635	0.5616559583812789	0.3649647194394485	0.3500667692057564	0.5053850260778191	0.09371191303456784	0.559107994518677	0.253868541723	0.612290469449	0.2721790216655641	0.660174883311	0.572241768912	0.5482353144220322	0.442327291147	0.508956084124
EnhF	-0.09722112629040429	-0.5317794585980429	0.017735817361617286	-0.07492800572546066	0.13724952212455144	-0.21385309590789225	0.27163979485821543	0.13903338601975362	2.18176057313	0.967233009718	-0.39921146295188664	0.323416036485	2.08372282033	-0.2668365164178538	0.594371055939	0.747057568009
Pol2	1.4161741757609547	1.8307806835692084	2.2013285609375783	2.1514968116724766	2.3750557798251193	1.608375946530117	1.4561563355702751	2.290639926331787	0.357804428822	0.544258468995	1.8192376667339982	0.330352881475	0.554463351629	1.8176778800715778	0.772168976099	0.366875207646
ElonW	-0.5079614458221109	1.2574983753498004	0.46970424679475964	0.804852252392531	0.6501758575982219	-0.8020328318297046	-0.31719711849377874	0.7605236660695891	0.373711101183	0.596800042486	1.6011020139039183	0.245799868612	0.46945992246	-0.7729616009109985	0.703905684487	0.525659501767
Repr	0.9319161603623624	0.49924380267008694	0.7019314772090055	0.7680687945678993	0.3697995724191333	1.0573810906315468	1.1526466557581503	0.3624853237480852	0.18602603201	0.613219288035	0.1269428522543977	1.48644380922	0.446963602579	0.9615216215611511	0.514553677843	0.464430857327
EnhW	0.839347409933927	-0.016742261458916857	0.43673015170008783	0.4205663546245717	0.5594197576398755	0.6407193288328404	0.6524519457381414	0.5782820399395614	1.04120038163	0.939442100615	-0.06901495738714418	0.481581300667	2.02809246343	0.8145585541458159	0.490946063064	0.618356069169
DnaseD	1.3345277954058095	1.2994929052935624	1.0407274478327553	1.1824218205172357	1.053571078709428	1.3418986181863974	1.5264431233404978	1.0904532509700646	0.276174477416	0.582103672595	1.3331596979119016	0.693420207281	0.738461519312	1.5334864205604364	0.530831891421	0.448334355294
Quies	-0.894195705630904	-1.3186977140812441	-0.714350259896642	-0.9672857264905678	-0.6901649160952511	-0.906959591746044	-1.085350026677925	-0.6973457505278025	0.146222879356	0.521616931671	-1.332809899209367	0.453302009074	0.259108258727	-0.9147227979425601	0.234181357062	0.409560756708
Gen5'	0.07885316233435763	1.7048545948902085	1.311851867387988	1.5427931617013224	1.1076995009264563	0.15942316652842947	0.6439243730793593	1.1069408226800046	1.36103551882	0.849801036346	1.6710098272696619	0.298503910258	1.7946807314	0.15809211367694725	1.45128623057	0.605221937574
DnaseU	0.3304370906690732	-0.6861360550744519	-0.08650299888210727	-0.11220834215151129	-0.061336011224852154	0.3001136289429363	0.12915310065733945	-0.043908297565059456	0.572108471883	0.745179180547	-0.5666215546753076	0.531499440435	1.06540832728	0.5070039011758175	0.456370860024	0.662814758217
FaireW	0.7530561413145695	-0.41427760740755804	-0.057435936845530444	0.05434549500141953	0.20791641302195063	0.7053476194413879	0.5196360785953572	-0.04910766202093016	0.502622327311	0.536720054639	-0.12780614411633842	0.370727756014	0.492074060786	0.7968595894652217	0.337675294343	0.429209061291
EnhWF	-0.008701108172349703	-0.4613111130879401	0.11067965519307338	0.1339177174205165	0.17209894387618427	-0.026875743145536087	0.4984078427797105	0.09942202824587458	0.798755902509	0.770834480885	-0.4406182845612887	0.456858739325	1.73678648889	-0.08293589011698453	0.518332172547	0.636091023507
Art	1.7863246511491944	1.5998611465104633	1.9324128607554234	1.4921940988386984	1.9280450885369271	1.499016577332548	0.5577933939674345	2.000135444807026	0.505135230363	0.686359783286	1.6186117135716986	0.465156798498	0.669876703877	1.67815884730726	0.784889141901	0.522144633667
H4K20	-0.26512178133701336	-0.5713945996748864	0.14143430462699966	0.023524163566149857	0.192225114465748	-0.03782447250608896	0.8292823278688479	0.11296959608614994	0.333077117	0.60944974123	-0.41505748988039215	0.512460543012	0.609763990444	-0.10442999245661529	0.615211119606	0.385164529232
ReprW	-0.01897463291909883	-0.0758289631685255	0.1304463312251332	0.22167453132135337	0.24207215163900483	-0.11540394124456264	0.2401773266459738	0.2407078811209105	0.173863820345	0.598309736674	-0.02776725382370196	0.951530557028	0.361390117331	-0.107649351982252	0.349285259803	0.425263989929
Elon	-0.33751329673583325	2.2920932590079257	1.0361907719251104	1.4237297047877844	0.6286408583279601	-0.18188995973890126	-0.5234151062606305	0.7189957262369667	0.432570092242	0.637827840422	2.2569286315244934	0.280382056935	0.512832483672	-0.20414648095765695	1.38910789348	0.50633666139
Gen3'	0.4027038514538769	2.9221945995473066	2.2196082953580123	2.56098173505405	2.108168392204757	0.5698559420718919	0.3866696677949318	2.0119216230534955	0.47548329489	0.584928335266	2.905857004124905	0.277577230279	0.615235207657	0.5435913134146271	1.79930843924	0.4114137977
ReprD	2.9366492032634373	1.0975296161013564	1.5001267273823644	1.9131309977523916	1.1817942329590052	3.027760187766716	2.767823314000473	1.261336172447187	0.21455153854	0.795771648344	0.6778659366494851	1.65050100885	1.09043271452	2.972816143980144	0.566605159566	0.54783760663
