orig_label	(07) 5' flanking (1000-10000 bp)	(11) internal exons	(13) terminal exon	(14) terminal intron	(16) 3' flanking (1000-10000 bp)	(09) initial exon	(10) initial intron	(15) 3' flanking (1-1000 bp)	(05) H3K27ac	(04) H3K4me3	(12) internal introns	(02) H3K27me3	(06) H3K4me1	(08) 5' flanking (1-1000 bp)	(03) H3K36me3	(01) H3K9me3
EnhF1	-0.060796743603886275	-0.4916507743974139	0.1123195118856056	-0.10307052292788761	0.14136569175186225	-0.13979005523909988	0.4592835517883445	0.24769253778097947	0.581126918473	0.483947350966	-0.3952897946424676	0.27966332749	0.868961291153	-0.20375698378388293	0.625698641023	0.536353227148
EnhF2	0.6527663376187884	0.4477058016318206	0.6109456622440189	0.5748647207922507	0.4865871647978362	0.6136676569788524	1.5169329300458	0.49838809995169037	1.12412078116	0.593894137414	0.28050722414912554	0.336643896396	1.52550542252	0.4150914401647131	0.802239865285	0.534883539174
EnhF3	2.205561699589558	1.0271867968343684	1.0594399045300094	1.229365848411541	1.007747211050475	1.7587800621463439	2.512121372836944	1.0428812268507652	1.81092266243	1.26280923957	0.6926749876514481	0.374916481678	1.78783184765	1.4601155240958437	0.846726539711	0.510672391646
CtcfO	1.2143562275761026	1.130354936871886	1.0422111685756357	0.8448115155701026	0.9118261126414917	0.9632550247477845	0.4309977210508415	0.9806685684372386	0.482553845437	0.480515404205	0.8911930093256081	0.623812168276	0.937946337982	1.5375396785132522	0.50153998092	0.50058692573
PromF	3.2978201805729888	1.5182721099698404	1.3459015246471466	1.627956322757094	1.2059998249664274	3.2066632959258885	3.791032930922628	1.2851144034371926	2.31403362629	2.80632535802	0.9359854522332341	0.317613281113	1.69819135092	2.3304672792474777	0.651001388564	0.429593816683
Repr4	-0.27821746773350536	-0.30259487581116407	0.1850769075611003	-0.11824360025198359	0.02005219149603415	-0.11849125516961342	-0.20072204716507314	0.05628182390775916	0.391312283985	0.494233871098	-0.36401221446962545	0.97595241943	0.347594034717	-0.17156407994909906	0.413921626587	0.555796471165
Repr2	1.018333364701421	1.2361746220007168	0.7384089497618662	0.9870707929891612	0.5076825747805881	1.2961643579354607	1.1509175254687731	0.2797246457642875	0.272922576176	0.379420976127	0.9440324070132445	1.66142667013	1.14523979286	1.2118233110029284	0.184860034118	0.416132030082
Repr3	-0.10249308759080805	-0.13588636218058256	0.1856377662431833	0.13191286509106037	0.051392746891365616	-0.014772558947743587	0.07296976680193143	0.06128591396398104	0.337260152523	0.438773021906	-0.15557088695060303	1.50270501174	0.306134671273	-0.05921791579657113	0.288780275938	0.498686869862
Repr1	0.1566006249795298	0.766836680471121	0.6668371428664769	0.5671321842507414	0.3109917739226027	0.4999472490393272	0.45471233041083375	0.1452607780231457	0.563937883941	0.485235501949	0.4278216800103262	1.97223502826	0.53103530066	0.3059904375466938	0.371144090762	0.595838970967
Tss	4.820726896473698	1.3730813454929172	1.8718474635080644	1.5949368691979031	1.543638207634413	5.487468158593266	4.1154421332776145	1.4431302729393831	3.38165218216	3.63810354607	0.1489793922631944	0.310593733098	1.78640949524	4.8871004923872166	0.442372305631	0.410334158399
ElonW	-0.43670522745265483	1.5142782449437342	0.7031477973525654	0.9172754836091799	0.5767587489244704	-0.42884837727455877	-0.4030063861467902	0.771233008154745	0.335823668661	0.44189584495	1.62389510943662	0.211322823873	0.325649358601	-0.40895935723512794	1.1731132613	0.521245940118
EnhP	1.2404107747256634	0.822603082320084	1.032862526862726	0.7288611847461588	0.5130294758454904	1.5377896288900066	1.0619516210329356	0.4836590078967295	0.527004714675	0.533918603141	0.31976528870103754	1.24765573148	1.15565488657	1.4520401491457529	0.388204339079	0.573777871111
Gen3'2	0.5022526238520179	2.343829276087324	2.0033434002517994	2.1318496631200547	2.0376628289435974	0.7573540813241239	1.1685909118466393	1.7485651498043255	0.876463430692	0.489009329839	2.118649315018142	0.404059755631	1.21260942338	0.6311788463568794	1.45852194728	0.529160045554
EnhWf	0.6181391624256768	0.8667960826506035	0.5538390471459704	0.9212420542583379	0.5836733814738669	0.6222598986550101	0.9778439380841714	0.3825577755530115	0.323214145805	0.34623702845	0.8246679936279269	0.43216796838	1.18923722848	0.7581709722379528	0.340689036906	0.369543844223
Gen3'1	0.4535467127418823	2.478910636482671	1.7925007385209455	2.199926962612835	1.8411842954116042	0.535916116793804	0.7608816266192303	1.5860719122825335	0.410970058052	0.360001793008	2.5182845122816593	0.370036446764	0.886412754896	0.5764362672567774	1.00842433159	0.41227804039
Quies	-0.9309418343053838	-1.7855946222947738	-1.0242621637508036	-1.0054644669788413	-0.6991439161964412	-1.2468997871765732	-1.1048620186346936	-0.7403744275591874	0.0930079016307	0.338965042471	-1.379411587439023	0.121417732792	0.100624473589	-1.1891099487022299	0.182062698465	0.489358865098
Enh1	3.953814602635362	0.696107066584251	1.4046097271214413	1.1213694731842228	1.4659515912607337	3.517586964695486	1.831790366326816	1.2555407937928635	2.05588284162	1.48011789497	0.4132898832815301	0.27697197729	1.75640843618	5.136486534966611	0.462905974536	0.33899643234
Enh2	1.2076620070779416	0.1685681840460593	0.5270895877299756	0.44723566013471994	0.4686135132923837	0.8321172916999033	0.7430091342586098	0.3059286452372496	1.23973178238	0.61464556223	0.07840111777091964	0.40530054698	1.48875963409	1.5738407018523406	0.698789666078	0.538465582307
Low6	-1.0580452336219999	-0.9537590299051949	-0.7554886087436873	-0.8117042005496943	-0.5741425597878396	-1.2816769606776848	-1.062941342637049	-0.4103070837862266	0.228798013852	0.497386484321	-0.6924468150345403	0.202055940961	0.205090985149	-1.3041343892429822	0.467765782518	0.684385099113
Low4	-0.3328351667312837	-0.9124475147884052	-0.29970537646245604	-0.5269883131690032	-0.3127451582488593	-0.34703109533617854	-0.5530593913053123	-0.2710225717116785	0.245824502816	0.472559934531	-0.8829808493947244	0.413947383011	0.216224351463	-0.20719073676573035	0.344874263545	0.640586520025
Low5	-0.520247102707814	-1.115269358004733	-0.3950695317237068	-0.4612384197671592	-0.22545687071122664	-0.6768822594715849	-0.539590709964009	-0.16973477476698995	0.221015847984	0.440251077414	-0.8059188730130161	0.726488567677	0.201668579395	-0.6992114132019371	0.279888112594	0.505490632709
Low2	-1.2264012562163262	-1.5727609495528596	-1.151057347933277	-1.1598770332391934	-0.76665490467499	-1.6929589950310584	-1.3814731478444173	-0.7250601098231502	0.115215969439	0.438066768107	-1.1942326166039912	0.178075874375	0.15341877955	-1.5941194546471629	0.245929291539	0.545572974377
Low3	-0.2695393680240518	-0.8920401312522326	-0.09782829680726855	-0.38404146186041355	-0.26249625732968423	-0.17313921625809237	-0.349411670748093	-0.23474315583120386	0.308314759168	0.454613067079	-0.8639587737614396	0.526258900474	0.312531228857	-0.22358138388207116	0.370000994794	0.602431521487
Low1	-0.7418504983827644	-0.46360675418686875	-0.35124055107734065	-0.5305919773789456	-0.17465660595637708	-0.955124711143058	-0.6352203805136386	-0.007891621860180687	0.234918267876	0.478030869813	-0.3204015813475016	0.313581955154	0.292468337774	-0.9628479598669233	0.42964618196	0.531136232726
Elon	-0.3957098475778391	1.9354948395049854	0.946747495743738	1.035753800598345	0.6709381829304152	-0.07451699299801874	0.04847086989815182	0.6916910986173448	0.579594614223	0.474555557151	1.723462444209478	0.297368507224	0.496386819612	-0.1769787277102476	1.4173226012	0.544229710705
