concatenation_key	orig_label	(07) 5' flanking (1000-10000 bp)	(13) terminal exon	(09) initial exon	(04) H3K4me3	(02) H3K27me3	(08) 5' flanking (1-1000 bp)	(03) H3K36me3	(01) H3K9me3	(11) internal exons	(12) internal introns	(14) terminal intron	(16) 3' flanking (1000-10000 bp)	(10) initial intron	(15) 3' flanking (1-1000 bp)	(05) H3K27ac	(06) H3K4me1
roadmap25	16_EnhW1	nan	0.9386391999961181	1.5740206365236442	0.844690000344	1.11472074659	2.0128141864202043	0.528667499941	0.867157800639	0.5215094351509039	0.14404923146803472	0.9303962543377456	nan	1.6498678990277658	0.8168484937255549	0.65833419747	1.06986541415
roadmap25	18_EnhAc	nan	0.24472077973213133	0.5086029619931006	0.602962263844	0.648831994419	0.5649652179750818	0.480445711786	0.580113933501	-0.4325135291086428	-0.3432671550088083	0.2545826514441883	nan	0.5396734243512674	0.3890720042164921	0.502595611297	0.590362632512
roadmap25	4_PromD2	nan	0.980532093393616	0.8416841081086383	1.33565493989	1.137765042	0.8357000633169482	0.986425312736	1.07831912319	1.6096324345367807	1.186657792066595	1.3002095781462477	nan	3.55628513463298	0.7717743163133982	0.761166536572	1.17651264728
roadmap25	6_Tx	nan	1.3847369329061698	0.4393883690999516	0.581811530561	0.580844721206	0.20965131465780884	1.4382926768	0.528014547181	2.5689265913683674	2.3751270375210503	1.4703594506555493	nan	0.6543497090208422	1.0534420496498036	0.507797676222	1.06907781238
roadmap25	14_EnhA2	nan	0.4774941430640737	0.6812808330799327	0.731174688546	1.178707174	0.8348801809730249	0.54260550557	0.651675334428	-0.014281475887420802	-0.18199744860381753	0.5409623456703058	nan	0.8047787472798138	0.5862944356830202	0.752821662411	1.10938717929
roadmap25	19_DNase	nan	0.3558456790279773	0.6685128826103507	0.565380628389	0.607632971331	0.7029626976434625	0.455878877498	0.6696310172	-0.3469520038495476	-0.4849312811092109	0.0443161722933349	nan	-0.018427615399236177	0.26345100617624023	0.497936299758	0.624695267835
roadmap25	24_ReprPC	nan	1.060650912011689	1.0971408211138636	0.860290080884	0.895485683863	1.2128438009779416	0.416034818504	0.640120842923	0.7706595758414391	0.5624845961797178	1.2199375033216964	nan	1.5666547839622489	1.0134691787040269	0.649876113656	0.496620000126
roadmap25	21_Het	nan	0.647427401200586	0.5353145328641279	0.530989002191	0.386375150003	0.3940208139618808	0.427753990001	0.532709192895	-1.3632424345583727	-1.4056025294858414	-0.08924375477504037	nan	-0.1782837961053848	0.5484234779673489	0.76618824034	0.758169932189
roadmap25	22_PromP	nan	1.1050971098914029	2.9982980698048745	0.682964323958	0.957084807827	3.202885412576495	0.587744065235	0.630405673777	0.5880703206631358	0.20812245641175148	1.0656129057537913	nan	2.361614293839663	0.8868939078502519	0.710020383179	0.704876639951
roadmap25	15_EnhAF	nan	0.33255547905549254	0.1649226212725881	0.747420001076	0.898364830616	0.32955233323954036	0.515751898773	0.732395762185	-0.34065942048274583	-0.28626575590204334	0.48720538290066495	nan	0.4758193007550625	0.4580631106505462	0.545667394911	0.803909552124
roadmap25	7_Tx3'	nan	1.6778494134118882	-0.05603353841008286	0.44454010405	0.444000252461	-0.13777732356753417	1.24840784514	0.444769812653	2.9156355477641753	2.8477384672317374	2.137726472657394	nan	-0.6304051925072137	1.3662379897605963	0.417515399882	0.755599472082
roadmap25	17_EnhW2	nan	0.2919995895183092	0.09410909676666732	0.711601723126	0.812705596792	0.1895327597395568	0.525342013824	0.815879695886	-0.07756225979609103	-0.11635226584697433	0.3931379525987833	nan	0.5019068725664951	0.3835862098198508	0.510222559422	0.774454987675
roadmap25	20_ZNF/Rpts	nan	1.8782962424540426	0.4052272985381077	0.529422410128	0.352174738861	0.30071999871482813	1.07936351087	0.695436212489	1.1667215841468384	0.8846255135665808	2.067030211910578	nan	0.444432459881168	1.3416957305786343	0.976926478415	0.91722818163
roadmap25	10_TxEnh5'	nan	0.316096292961729	-0.35106197894223834	0.826677266283	1.05148308229	-0.37181754464373346	0.909455604171	0.635915289338	0.5680647919413033	0.4239566849199123	0.44913963556718867	nan	1.2268436656024322	0.20802919792662972	0.67750561074	1.32201648965
roadmap25	12_TxEnhW	nan	-0.07317897651567384	-0.39846101158917707	0.824722057529	0.841132488056	-0.5254525024513347	0.855082693666	0.698467063213	-0.16210813828441403	-0.3403078731935598	-0.19822938135088763	nan	1.9571686804632316	-0.17506661007818916	0.572675178764	1.26187451625
roadmap25	1_TssA	nan	1.4415878702298945	5.7231886149496995	1.62930301503	1.37435168935	5.432990452143513	1.15438034294	0.84995982224	0.3240136588072759	-0.8045495960959798	1.0362192501403156	nan	3.3308191625922987	1.2868591248656567	0.92641877141	0.264338298676
roadmap25	5_Tx5'	nan	-0.5342508387477176	-0.657779323136042	0.519956621283	0.522397217564	-0.5943370963530049	0.705663515813	0.531600104184	-1.3877490871489082	-1.1556604168587525	-1.0575845916834992	nan	1.3487091928697064	-0.4076807420240228	0.441045602666	0.831635564143
roadmap25	25_Quies	nan	-0.4149180222534664	-0.6958694790456219	0.342542841819	0.352287817805	-0.6666524287845077	0.32686812178	0.474470860738	-0.9355296503480568	-0.9258587383218928	-0.5854699159405355	nan	-0.7058170546096494	-0.35013208687716985	0.388245152064	0.331825701414
roadmap25	2_PromU	nan	1.7947324544801382	3.8056130753670443	1.45194285155	1.70961925861	4.462606776402614	0.89280873501	1.12470579433	0.8825726369384538	0.15999371776904908	1.7508927682603121	nan	3.087762932801372	1.5872730790917196	1.0208013281	0.978886672338
roadmap25	8_TxWk	nan	0.37902005163366487	-0.5860421525047247	0.402358658108	0.392594252837	-0.44416773183698915	0.664908703262	0.438168785989	0.8321731939617328	1.313044986579442	0.6624320822616928	nan	0.12008314836554629	0.6567186498075315	0.349313257681	0.568202350854
roadmap25	3_PromD1	nan	1.4584332000972366	4.7852708402207185	2.19519992737	1.84402127916	4.08297191468414	1.29185865917	1.41582812871	1.5927338759240863	0.40166215921625087	1.6363792137256656	nan	4.386723318342289	1.0961971776188735	1.15403277814	0.69182630182
roadmap25	13_EnhA1	nan	0.9074046830582241	1.0793984873670015	0.924459675664	1.54321336216	1.133229359654452	0.631166619353	0.668798313838	0.42652669341926325	0.24160803182002907	0.9661848150574407	nan	1.0862295416326928	1.0088140389958802	0.910116845345	1.17155184038
roadmap25	23_PromBiv	nan	1.740032151818539	3.6950781784935933	1.3321392861	1.27251957723	3.6018001199360925	0.516991861767	1.14759635823	1.3652055445731053	0.807252429219328	2.0491781392054653	nan	3.1014795312303693	1.227989669702526	1.09666473718	0.748832231142
roadmap25	9_TxReg	nan	1.5460133182480484	1.107649275515534	1.29902516131	1.62974191259	1.0695920160477468	1.21648873421	0.845557080283	1.7310235430922365	1.4760307083818165	1.7257511000994725	nan	2.8396594539606097	1.398092910477065	0.977507649114	1.50143012121
roadmap25	11_TxEnh3'	nan	2.2415769162639063	0.3688957680153419	0.684077336541	0.887860452088	0.3710034393759747	1.17940137674	0.530823059256	2.867698130400828	2.6978526250652894	2.5548623373235055	nan	0.20044943213590266	2.065068970094934	0.594889489065	1.11934113349
segway_nar_HEPG2	EnhF1	nan	0.24929687753476432	-0.23673688293612344	1.94685077347	0.296277424979	-0.11182723068802153	0.771753608706	0.74171428573	0.14065491369269637	0.09507766377435953	0.34303866100410274	nan	0.8885096716579881	0.3469309485420515	0.426799465846	2.4926308394
segway_nar_HEPG2	EnhF2	nan	0.019982377303109564	-0.43846645538543016	0.910150331842	0.250915466832	-0.4693642334632367	0.698707810646	0.58816973291	-0.35895691090984494	-0.22739990577926839	-0.20179604017008368	nan	0.4231081117745398	0.08009152873631624	0.479366328511	1.42771282513
segway_nar_HEPG2	CtcfO	nan	0.9399097565104724	0.7949415796383086	0.281672337626	0.441543547506	0.9601653274896352	0.38573185558	0.395886739253	1.0593396144442997	0.8399972998552667	0.7709759707043443	nan	0.39559826578637297	0.8122338412258867	0.33965731811	0.73716462679
segway_nar_HEPG2	PromF	nan	1.1288604401988047	2.280585930802185	2.5178989877	1.26983759287	2.860018883761999	0.553037364612	2.5832993626	1.358704861184546	0.767943671700544	1.4429374708304545	nan	3.5757028438028002	1.0208882743668082	0.340373760531	1.61662968063
segway_nar_HEPG2	Enh	nan	0.965555769564382	0.7794167237019473	2.72498270204	0.505216142212	1.1980408241424259	0.593335235325	1.12877416654	0.6581986652363817	0.46045226432203107	0.9235121288297872	nan	1.1020037618247738	0.9493320033243444	0.343294384511	2.50968449134
segway_nar_HEPG2	Repr4	nan	0.6845296559412675	1.0747242020828969	0.312476355208	0.903721168957	1.1222891258014647	0.292122141407	0.725671555389	0.28289908107778405	0.006491554531542005	0.6448213621470359	nan	1.254027351956084	0.5096182038605235	0.415803604351	1.78051221109
segway_nar_HEPG2	Repr5	nan	-0.3057541842828294	-0.5751576113465195	0.131509603379	0.888916461739	-0.45416637987057146	0.193407599129	0.452929289244	-1.2167943359728108	-0.9888927437814964	-0.43087974679519386	nan	-0.4492798065000653	-0.23802017691212887	0.529186332771	0.215401700129
segway_nar_HEPG2	Repr2	nan	0.614430069865653	0.5860427167459961	0.101002010769	1.25144702743	0.4020175193615507	0.179012039968	0.312323188488	0.5509018701977052	0.30926585349465446	0.6027636808729377	nan	0.5933517993562186	0.3710249431798866	0.350610321582	0.257243748631
segway_nar_HEPG2	PromP2	nan	1.6634727007490215	4.95945036589488	3.50097861731	1.43368339485	4.421419158119714	0.350298001844	2.9837465037	1.3965256763574783	0.2380515865090781	1.6317148650269961	nan	4.142865387255337	1.2952460043616352	0.237682396757	0.782530426997
segway_nar_HEPG2	Repr1	nan	0.8167011659572004	0.9903361230558153	0.172956805589	1.55914431982	0.7530312805794844	0.272277589525	0.432996750727	0.9284360865051627	0.5706549006659535	0.7951113110078469	nan	0.9073338710125662	0.5363721351186177	0.436872686661	0.72174842139
segway_nar_HEPG2	Tss	nan	1.4703955894630016	5.185730456910798	1.76661775911	0.495105942507	4.975720209714026	0.127952182271	1.72902946031	0.4990772572772212	-0.0784525885874964	1.159277653484743	nan	2.6657418141127427	1.5715657202909252	0.129047176823	0.634493689995
segway_nar_HEPG2	EnhPr	nan	0.7896117616355204	0.4824931209812119	1.64846002985	0.603791483643	1.150354013470693	0.715945647793	1.46140790225	0.8182433579480258	0.5750087080651324	0.9262295040226384	nan	2.405833220660366	0.819557295718244	0.386704489857	2.35969535771
segway_nar_HEPG2	ElonW	nan	0.3517594009782311	-0.7193940481168803	0.316418818671	0.150972043728	-0.5779987692441048	1.13928022558	0.456259412141	0.9091584058244567	1.3147226578730824	0.6470015307620968	nan	-0.49634985833523565	0.34500930125346735	0.423494416573	0.296566893091
segway_nar_HEPG2	Repr6	nan	-0.4130083837502581	-0.7232888872895178	0.146722450694	0.929270168519	-0.6198800137567069	0.201051181873	0.544334385232	-1.2045365939623447	-1.0977194471712302	-0.6474841741849003	nan	-0.6867778088479018	-0.32496280900870794	0.60150816994	0.215348841362
segway_nar_HEPG2	EnhW	nan	-0.1972570554251498	-0.479002908911524	0.336217326251	0.383314362695	-0.35166938213597254	0.324373861726	0.518429324863	-1.0369975429313165	-0.7949884283378679	-0.325114578489359	nan	0.09391903130599094	8.926253202177393e-05	0.504281815701	0.802125385044
segway_nar_HEPG2	PromP1	nan	1.2278742976865964	3.12408993591254	0.359263343955	1.27719461144	3.0744835303312565	0.234891362401	1.38635723311	1.1359541961098503	0.6782320392760393	1.4300521475329597	nan	2.3939193577772224	0.8317392015892282	0.311156237432	1.86215879333
segway_nar_HEPG2	Quies	nan	-1.0729771213029267	-1.3972187126654882	0.105627388147	0.210380020729	-0.9842089846205497	0.143124289902	0.440227368129	-2.04935517649738	-1.4093750934230507	-0.9959978266488849	nan	-1.0859220608515852	-0.6073995918359331	0.582444664438	0.114729467693
segway_nar_HEPG2	Repr3	nan	0.24286330123996586	0.05560405109411683	0.184480910117	1.25358311188	-0.2148427706613956	0.274512696297	0.508734790738	-0.41899396759509977	-0.6710053494785723	-0.13421459969835917	nan	-0.12285164025350886	0.006835410262563855	0.564417460409	0.377359311438
segway_nar_HEPG2	Gen5'1	nan	1.5729274733946152	0.33923943204117357	0.920034783177	0.240968569631	0.07289684149606919	1.906074859	0.494362015876	2.19975357622277	1.9427535601291062	1.7236146803953991	nan	0.6967543232878413	1.4802987712641866	0.405454148439	1.18356516176
segway_nar_HEPG2	Gen5'2	nan	1.5566759348142407	0.29859838756297624	0.433794710732	0.178305646346	0.060480789155143495	1.7514920142	0.338470365384	2.5208167002482638	2.3862525140018693	1.8975914342961457	nan	0.3315312459570625	1.3430346320647646	0.31180216134	0.492688322665
segway_nar_HEPG2	Low4	nan	0.41389043022664684	0.4528239010591097	0.119524467145	0.340426164641	0.32810922117673463	0.223336239771	0.312098659434	0.1920420757977234	0.1677759402581646	0.3663823977895293	nan	0.1969878851310597	0.3016001871207044	0.475825034836	0.23293355873
segway_nar_HEPG2	Low2	nan	-0.06447189777065933	-0.3063154337708032	0.20842495255	0.46411660554	-0.5632081069216909	0.340188214453	0.522398035303	-0.5784864338107205	-0.752218614462425	-0.45037461101789344	nan	-0.6010075106021603	-0.2381088786720907	0.694324275037	0.304042267391
segway_nar_HEPG2	Low3	nan	-1.2523594454965565	-1.7756046367843012	0.145256910326	0.252268206814	-1.2737350461765535	0.185780384494	0.615706943602	-1.9976081982089717	-1.4718815158318626	-1.2894593333925863	nan	-1.4487012639630281	-0.7599867424689328	0.747534665157	0.144969133531
segway_nar_HEPG2	Low1	nan	-0.8450328827805289	-1.3922020130826118	0.223194478502	0.31719061431	-1.118014159524778	0.330435663106	0.638653566937	-1.2101731090313947	-0.8177549701564603	-0.9450144179744718	nan	-1.0810005583685571	-0.5570473812330482	0.716468573506	0.247022493168
segway_nar_HEPG2	Elon	nan	0.7459809961327174	-0.4131249389141914	0.467829341874	0.184808567644	-0.5759363793336438	1.67163002043	0.522468193359	1.8390815410381103	1.7198773235454607	0.9265234866615144	nan	-0.5586332784777691	0.5000024376522164	0.443789729848	0.433138605119
segway_nar_GM12878	PromF	nan	0.7906383685283777	1.8471272984597351	1.53372180472	1.37942829156	2.0496188640171416	0.601668591654	0.474660694634	1.0505072833824216	0.7430932063578756	1.0226207170848636	nan	2.8807603301000104	0.5865993324494926	0.587731217718	1.51942217466
segway_nar_GM12878	CtcfO	nan	1.00806956706569	1.5525672742343495	0.673944963248	0.523677212508	2.2747914343481987	0.479892174064	0.456426866822	1.0083509707821845	0.862794476811336	1.1396199004639633	nan	0.9333984819754423	1.2031784988862644	0.47875571338	1.04199085798
segway_nar_GM12878	Enh	nan	0.9122509573522506	1.3451992517507678	1.36550761642	2.82604651944	1.9155991997028057	0.753171870609	0.333077616519	0.49514130253989364	0.29507342716231644	0.8043913484456613	nan	1.0352081058923412	0.9549278425654011	0.609555449218	2.25750308825
segway_nar_GM12878	Repr4	nan	-0.0003623537912404662	-0.18307074013304978	0.649097489731	0.161127158763	-0.4466922486425499	0.413821096361	0.868326754375	-0.4969651504685985	-0.7046468381896748	-0.3572247710416241	nan	-0.4701071002913737	-0.3078884247260595	0.39799539344	0.277823927539
segway_nar_GM12878	Repr5	nan	-0.6150451098586909	-0.8586346493847482	0.636976928401	0.188903495335	-0.7235682254676337	0.259302196047	0.947818734027	-1.3172614460215482	-1.0787669018273645	-0.7340184133806048	nan	-0.7914485659600472	-0.44572158525015987	0.522713779287	0.321713601345
segway_nar_GM12878	Repr2	nan	0.7710184236686216	1.377237988064344	0.694811075253	0.283403892426	1.2332576673047033	0.537246344987	1.08052488262	0.43631858069265	0.12794707995375987	0.7745454250274894	nan	1.2928118000852107	0.49843439445654314	0.525683974619	1.0191767952
segway_nar_GM12878	Repr3	nan	0.1267997747628242	0.05355301899083711	0.652388190422	0.192496582702	-0.2236980265726988	0.43932672574	0.993791812417	-0.20820582476555077	-0.5495508434790434	-0.2556854078110544	nan	-0.23521817442419457	-0.2387931863740308	0.482366599839	0.361029913283
segway_nar_GM12878	Repr1	nan	0.48965117305133243	0.49379540787994713	0.586559737713	0.196424728052	0.2414165806094585	0.567084488398	1.31452325825	0.6139126036811974	0.32602878035407123	0.5301702570532715	nan	0.6437207985833081	0.20321213536237995	0.452380872442	0.451692337398
segway_nar_GM12878	TssF	nan	1.47767771010698	2.923934984428196	2.32223151616	2.74392799723	3.187192510078845	0.661740069514	0.432876940643	1.6893049587065394	1.0774033477678142	1.674668417568925	nan	3.7908793272776777	1.2440013311199685	0.61958159328	1.34118946888
segway_nar_GM12878	Tss	nan	1.8511436007630795	5.624452383813401	2.08636328708	3.05958882746	5.078509473320922	0.439352970361	0.253130841433	0.9913234948361921	-0.21054302900486854	1.4690329292602644	nan	3.764521626457311	1.6593715797648405	0.439197578648	0.691872197431
segway_nar_GM12878	Ctcf	nan	0.6395279994960458	0.5281586114664928	0.581623978333	0.25621788949	0.4526516167737513	0.492229672271	0.627515821605	0.691344326663768	0.43107300824228345	0.42294954638094223	nan	0.12881246944191405	0.38483019841650773	0.497917535653	0.595392647876
segway_nar_GM12878	EnhF	nan	0.2929442161899635	0.6860839003475454	1.02109906568	1.64451996424	0.969259874930852	0.566604745363	0.437688878934	-0.06593326788996012	-0.15794873769394535	0.3246630106905199	nan	0.9284803791095291	0.295110782534506	0.660587235612	2.00487570511
segway_nar_GM12878	ElonW	nan	0.3508862653045609	-0.66104848286128	0.610883677959	0.291176318381	-0.5941166185544174	0.761114464819	0.257579691719	1.063198076953408	1.270548576409108	0.5426660555537317	nan	-0.869324962405798	0.30986425529305645	0.540877684332	0.327030572406
segway_nar_GM12878	Elon1	nan	1.1589271024491075	-0.0582004699604412	0.612514228144	0.404677031662	-0.27045205405416367	1.45509900569	0.288851865464	2.1293463240946373	2.080880314486821	1.474507458752221	nan	-0.3879651097676327	0.8841038956647477	0.450882438148	0.457804864063
segway_nar_GM12878	EnhWf	nan	0.015702413887638503	-0.1136845542901584	0.806340208374	0.924194665072	0.03244085047211263	0.491056371716	0.367133186952	-0.20186875247916236	-0.16435797135575705	0.022388727210462346	nan	0.9069469914596602	0.10800162537032795	0.659162742941	1.47190175879
segway_nar_GM12878	Elon2	nan	0.7797639748864177	-0.14742071269965665	0.661361941572	0.491592705771	-0.4185798730079409	1.19078864564	0.301540709941	1.557973185793172	1.4710255894628264	0.9087294214655018	nan	0.002717816530100352	0.5784974320840294	0.547282065189	0.636633402413
segway_nar_GM12878	Quies	nan	-1.1554992873999743	-1.5032337104270652	0.460896459853	0.125835411526	-0.9762892479417487	0.116586433303	0.265231083601	-2.005802094387492	-1.28748918274683	-0.9862423381220833	nan	-1.0947134744706435	-0.5551488115884367	0.431018989958	0.227759690907
segway_nar_GM12878	Gen5'	nan	1.3876446273299734	0.5273429965295167	0.829610496889	1.10793418809	0.3335307249262305	1.42677154684	0.317453720886	1.8437081437000953	1.6635305748247737	1.576581770630188	nan	1.1283252309941574	1.2608992485369113	0.570954800954	1.51237916313
segway_nar_GM12878	Low6	nan	0.2661341998926521	0.10803341854529772	0.457893068039	0.130473547523	0.1233213706397976	0.285210976055	0.442066030479	0.08585859292663629	0.16534444285237931	0.2899564027071012	nan	0.17581540361734	0.2727135673146705	0.353980600374	0.228527676747
segway_nar_GM12878	Low4	nan	1.1456723804178897	0.6510533555738571	0.486781659274	0.212160240765	0.5185623242400542	0.510884091366	0.356730353826	1.1686855027806868	1.241072809081941	1.2710739483655578	nan	0.6497193285742858	1.2026668992008445	0.299014769501	0.328343387029
segway_nar_GM12878	Low5	nan	-0.9337136926904273	-1.3282141406241694	0.62178355053	0.16995752105	-0.9492776311177209	0.220118197636	0.445730286193	-1.55461382682757	-1.2239992251862004	-1.0343734183933362	nan	-1.1156321048333198	-0.6127122909398254	0.520437853836	0.295163527306
segway_nar_GM12878	Low2	nan	-0.1407893528314944	-0.4479118408248955	0.675059361363	0.378785677437	-0.4282249831504502	0.413734510748	0.411747427738	-0.5993763543176446	-0.530533666410408	-0.36206844253088866	nan	-0.13954147673851489	-0.1198847668584691	0.590175691965	0.764812259136
segway_nar_GM12878	Low3	nan	-0.1070697424418689	-0.40409661338611225	0.633337351914	0.342806975492	-0.4538119692952972	0.403337311787	0.482370780791	-0.7627205033688899	-0.6676885990053956	-0.30619994207776957	nan	-0.28587713965712813	-0.1164971798896092	0.529244660933	0.690831296129
segway_nar_GM12878	Low1	nan	-1.0398925218063384	-1.5136778849766295	0.61097547019	0.138315446324	-1.057874276600861	0.196995461011	0.366860310256	-1.749128823653658	-1.3247827272824488	-1.1125740278090697	nan	-1.2589488117137777	-0.6303443724749429	0.414257695308	0.231765977282
segway_nar_GM12878	Gen3'	nan	2.175198775192477	0.8871601357083934	0.505034063953	0.414834175602	0.6206075888536836	1.65712815227	0.26693303843	2.9145303781747147	2.7030546724985673	2.454454011424734	nan	0.6094883904201425	2.077951380403228	0.350848562526	0.564635339294
roadmap15	13_ReprPC	nan	1.174574813815979	1.5008769346771345	1.00403736575	0.902285170772	1.6220854304914216	0.44898993085	0.722795636359	0.8206547777063092	0.5741777514679453	1.367972609201347	nan	1.841585201758323	1.1049966947281142	0.821022486393	0.559542279402
roadmap15	6_EnhG	nan	1.6688383999932226	0.2717286520015722	0.673461257006	1.06905886706	0.185250295013461	1.07810453475	0.55402516257	2.2382895536509166	2.1025892080126205	1.942089587191717	nan	1.0498049865864238	1.4769673661164595	0.709338256959	1.38357503975
roadmap15	12_EnhBiv	nan	1.4366549590982063	2.0742722642016136	1.1324971402	0.930760531536	2.228803133267911	0.494311873	1.43440165713	1.1466091558367075	0.7801328681859434	1.8185881640712926	nan	2.370277149516354	1.262662188669625	1.63272184995	0.80342680955
roadmap15	3_TxFlnk	nan	2.3422815970967967	1.5619779001489325	1.10769096678	1.65166135971	1.483346734070186	1.51418362474	0.653575131602	2.728601780624228	2.488482601907203	2.3728952325621213	nan	2.470502619183562	2.1309622319717514	1.14840732346	1.67416622094
roadmap15	7_Enh	nan	0.3482233381205489	0.35796955230227473	0.682296740854	0.975744687875	0.4788354103505715	0.558087157068	0.758595467562	-0.019977294294292597	-0.1369751876348499	0.39878581729268847	nan	0.9321904032136885	0.3655894334905035	0.615729875791	0.940563176853
roadmap15	1_TssA	nan	1.3591669449590884	4.722028684222069	1.70123936733	1.59577358683	4.4863368651227775	1.1931667653	1.01617492186	0.9909846973346325	0.01271370729606858	1.3472943717504653	nan	3.844887854384469	1.1594536347485542	1.00491256188	0.614702052784
roadmap15	4_Tx	nan	1.6919288671310921	0.06338313757247038	0.460951102761	0.478985089688	0.015867211959291	1.34461512389	0.441448511775	2.9054050198765498	2.882688905065612	2.1633265874136587	nan	-0.21365613428305263	1.4087272044582781	0.423978902377	0.824372605836
roadmap15	10_TssBiv	nan	1.5570911769969125	4.552188303917949	2.05771996417	1.06170236824	4.312869696627265	0.409745886939	1.30646785577	1.0237381366248748	0.22118755076441945	1.801345735609882	nan	3.265529570608645	0.8911247755512677	1.25985079913	0.59957799602
roadmap15	14_ReprPCWk	nan	0.2798120400963816	0.11596841568447755	0.717299345005	0.552454395907	0.15905369436820307	0.379742181156	0.610163495532	0.02988325169436167	0.01700957086351594	0.3247009629951071	nan	0.3790074982945939	0.3228021895551249	0.422647893296	0.3864200524
roadmap15	2_TssAFlnk	nan	1.2002585387214026	2.180822594064476	1.27545772733	1.77400585007	2.794123792081718	0.85264940443	0.905843817964	1.0961531417170352	0.6101994548756923	1.2880425459548226	nan	2.820031340919881	1.0802833751766432	0.979596728192	1.43748326151
roadmap15	15_Quies	nan	-0.5165461009193079	-0.7256390124390563	0.306725252613	0.322171593795	-0.7043663911255621	0.316838761206	0.456107426031	-1.042623628985103	-1.0517324340979575	-0.7189933464642221	nan	-0.7952318107296199	-0.481599969813521	0.370685370827	0.316957580334
roadmap15	8_ZNF/Rpts	nan	1.3237080744829226	0.6728160104875699	0.650975324332	0.539980304464	0.5750204734929992	1.04090872622	0.567848650664	0.7538186092368093	0.49848847801997176	1.2525193275000885	nan	0.5123295039935907	0.8766576599018907	1.10163090438	1.03702981277
roadmap15	9_Het	nan	0.29965812916219015	0.18310741889098778	0.422418403294	0.44710394243	0.12449587438081915	0.387085037926	0.499973542537	-1.051493518811316	-1.1476654155216948	-0.1573643797096336	nan	-0.2124298182500401	0.22470464562176778	0.809117054059	0.608067972733
roadmap15	5_TxWk	nan	0.5875757062906236	-0.2784964893142928	0.430060653565	0.477015386356	-0.19617979247181536	0.699001924296	0.480801321983	1.056340421570152	1.2240053032170612	0.7568659040547888	nan	0.4846794924877513	0.7218383222135398	0.389757097913	0.650765645376
roadmap15	11_BivFlnk	nan	1.9559509547186402	3.8196061548477953	1.87351588532	1.07197961024	3.6988610190416735	0.418531020101	1.76699521613	1.5918300449535774	0.8548541569389113	2.2379771488857294	nan	3.317892070344256	1.253285174288251	1.62041975013	0.904529815821
segway_nar_H1-HESC	PromF	nan	0.46631217192568514	0.5591998102445388	1.34549499665	1.1383112666	0.9552977489089862	0.700177760235	1.70980595164	0.2883014209670361	-0.10492789178544273	0.3466105037070223	nan	1.653687556021799	0.30032009085687594	0.591852788402	0.602166753059
segway_nar_H1-HESC	CtcfO	nan	1.1363661441103223	1.3238460260847413	0.589939317258	0.634029599794	1.6510156519482406	0.464939593801	0.885525178333	1.34926449114562	0.9519011870355226	0.9467246245669871	nan	0.6276276803910168	0.9677555211009344	0.531057054508	0.449817692348
segway_nar_H1-HESC	PromP	nan	1.7433900947579855	3.4366043277617053	2.47751500526	0.488452963827	3.335788588201692	0.287902280082	1.5201049982	1.4695829654122938	0.9612381413953921	2.085621033549898	nan	3.0657915272181966	1.2816037328792063	2.61733078943	0.415980140215
segway_nar_H1-HESC	TssF	nan	1.6181066431695696	3.635537969881577	3.29331956201	1.73152739472	3.6704147161675613	0.505631070747	1.37629220572	1.5347143934867393	0.6647257326316311	1.5907756236149797	nan	3.8328507685382633	1.2967656880214562	0.629537299376	0.481528234068
segway_nar_H1-HESC	ElonW3	nan	-0.020154830046640367	-0.34573571771278816	0.237156207526	0.352939451941	-0.2355675265239748	0.337062217479	0.211644100959	-1.6650013286643415	-0.16391140287306669	0.25128726966580145	nan	0.11350925952252747	0.49274813280914587	0.248242911973	0.451725868363
segway_nar_H1-HESC	Tss	nan	1.472242504885227	5.278363358706335	2.99839683473	1.4468625519	4.842649525235426	0.221256359703	0.785940779594	1.101544052515738	0.4630811929279401	1.5468013923861963	nan	3.330590958737095	1.3910709283096572	0.455870837899	0.237007103732
segway_nar_H1-HESC	ElonW1	nan	-0.10330669235966536	-0.8779476019267818	0.415310176445	0.624199596731	-0.8057276149527864	1.11648389108	0.411686721378	0.27464993118386954	0.4049449292674858	-0.12657716259697233	nan	-0.7998339165722758	-0.14655888914217025	0.405663769992	0.72752987396
segway_nar_H1-HESC	EnhPr	nan	1.123743479806289	1.2745134626633248	0.962145767479	1.07301046534	1.4489558258890287	0.597752895111	1.72578640156	1.3269857919477888	0.9885943980967491	1.3485231055382727	nan	1.6070498670011761	1.0636210916554882	0.736619084877	0.540990974141
segway_nar_H1-HESC	Repr	nan	1.5575575435642344	1.1159239596778674	0.869147728743	0.490045126418	1.4814876276035802	0.470006570388	1.15944974694	0.912000524482498	0.7087163388919248	1.7487556400252635	nan	2.219610028844866	1.5806541667645033	3.46401933129	0.691470773395
segway_nar_H1-HESC	ElonW2	nan	-0.474203520002632	-1.3412674280605668	0.370587766667	0.397736029799	-0.946119953778382	1.01191915948	0.268028294942	-0.32108661656997195	0.24638078300484914	-0.2507405969089519	nan	-0.9823982080701312	-0.23133898940087957	0.313756600202	0.634424543041
segway_nar_H1-HESC	Faire	nan	0.1918674445984748	-0.146337577249862	0.394066892434	0.949294252996	-0.5435439188596258	0.906732787397	0.556904564002	0.0773092136313866	-0.15282754846266067	-0.20530455819690963	nan	-0.4347980364409091	-0.24954508836332087	0.523508712284	0.758902869001
segway_nar_H1-HESC	DnaseD	nan	1.2186551354861548	0.9838460420804571	0.308172226233	0.628811037386	0.9714896504830098	0.424303562525	0.62049582381	1.8009898385566867	1.7457837758384904	1.465647210395469	nan	1.1700133634844168	1.0357555498476976	0.563052263051	0.449270955049
segway_nar_H1-HESC	Quies	nan	-0.8469963350705083	-1.1386279125507617	0.206475619585	0.161446989603	-0.6692804260863057	0.167680962006	0.119297098314	-1.6139621517940492	-0.9401708316471015	-0.585387457004339	nan	-0.6756289672896301	-0.3167968860750711	0.166010193547	0.360969839303
segway_nar_H1-HESC	EnhWf2	nan	0.17458799318557217	0.06418926482793176	0.555083077287	0.999839366846	-0.42210936012011335	0.793150158703	1.27424391049	-0.03671540795118997	-0.5079050762264413	-0.2910290436684307	nan	-0.06232516526004202	-0.273778342153762	0.60780068962	0.729774052434
segway_nar_H1-HESC	EnhWf3	nan	-0.65333073801482	-1.0163307062553846	0.527974723295	0.644879718084	-0.7578539119013451	0.489598657678	1.12396236016	-1.2411089872825787	-1.0170706309374078	-0.75205577177378	nan	-0.4761955767617835	-0.5192805936017251	0.378962358552	0.647555663187
segway_nar_H1-HESC	Low6	nan	-0.22649871873340255	-0.34294732401599537	0.296944002551	0.469775838151	-0.3923451624314143	0.324392137958	0.305067910211	-0.8751610121595284	-0.6648671865507098	-0.23554409019596545	nan	-0.30283978304659803	-0.21334118951860215	0.369207782177	0.605517050525
segway_nar_H1-HESC	Low7	nan	-0.9983871222462453	-1.5202811709170003	0.385549377636	0.516602975871	-1.021301509089682	0.279107467555	0.287070140014	-1.5904277614551714	-1.119762613861451	-1.0113806883963632	nan	-1.0368636679357828	-0.5640974189095691	0.368452023764	0.643495098996
segway_nar_H1-HESC	Low4	nan	0.2076550561780753	-0.1108304223824766	0.388496541711	0.53726221112	-0.21768927667190535	0.463811055695	0.49968946348	-0.659749664792914	-0.7146773432930399	-0.01563071863087736	nan	0.1054559981705707	0.11603386666386767	1.48808983939	0.714680926229
segway_nar_H1-HESC	Low5	nan	0.19720392149552762	-0.17086745655396732	0.363317760013	0.504070225817	-0.03529787269058035	0.462701855041	0.375232498266	-0.3956192644168336	-0.13849346064455495	0.07913996744038734	nan	0.04305464843151771	0.29787517327433277	0.447065320164	0.676939518822
segway_nar_H1-HESC	Low2	nan	-0.1796144162314263	-0.41671666196583806	0.387217973037	0.831743282256	-0.6778689664519576	0.348052980653	0.445956079375	-0.8449357817797801	-0.9473570013608866	-0.6269584845212954	nan	-0.6535098006069697	-0.42641602864556044	0.442174677953	0.736488856728
segway_nar_H1-HESC	Low3	nan	0.6594456208072614	0.32824066358193205	0.375314860469	0.805638296615	-0.06445340719997458	0.704591951953	0.520629834841	0.7323897922090938	0.41056708855358864	0.40727667810191165	nan	0.215748870538945	0.29483934178670057	0.731358663615	0.729076522797
segway_nar_H1-HESC	Low1	nan	-1.1508795450437506	-1.7599125649947516	0.364941855289	0.321029931484	-1.0683969305786274	0.342854828314	0.244926844508	-1.7937727637372631	-1.0796335341796388	-0.9820511151602602	nan	-1.1012002406853443	-0.5423541111282497	0.312336108618	0.600722583614
segway_nar_H1-HESC	Elon	nan	1.4467156145736864	0.1542966208399201	0.405265796103	0.862640220594	-0.18150307825236553	1.78229939306	0.532431619649	2.5693621792389156	2.217651160597812	1.5898858357925314	nan	-0.1396777524420063	1.096334678607473	0.420543626832	0.710409577946
segway_nar_H1-HESC	Gen3'	nan	1.9851976024061464	0.5503104419494544	0.37776632507	0.978171211292	0.26990488685133734	1.51097932545	0.719625236075	2.9237345792380007	2.698648666323764	2.3043301438656214	nan	0.7749406469855772	1.8223609964263046	0.449995114655	0.614423524271
segway_nar_H1-HESC	EnhWf1	nan	0.4346475306133721	0.4836637188074417	0.532217736047	0.878671562269	0.2413362578482698	0.544502941906	1.32218084636	0.4706165860502845	0.03852945611208198	0.35690118937644166	nan	0.587730573927736	0.18807040205341777	0.799900183788	0.645959630607
segway_nar_HUVEC	EnhF1	nan	0.3680709387409682	-0.04128374695835392	0.809444787917	0.568097881983	0.13810606074656528	0.724333833922	0.666251911538	0.3647300600697843	0.3030846854038148	0.5189090793173602	nan	0.6900805446461646	0.38020067792301976	0.436023883302	1.14321087974
segway_nar_HUVEC	EnhF2	nan	0.6118163315189915	1.6909233146095268	0.752080036922	0.60292448442	2.7420817321853637	0.533317309932	0.741810826425	0.19892711373548774	0.05256097442649514	0.4687451099362545	nan	0.7483592950039433	0.6971450877030365	0.425999604644	1.05509634017
segway_nar_HUVEC	CtcfO	nan	0.9163949915418663	0.8641789298974958	0.375931768458	0.49151166224	1.2195431829399255	0.440116700214	0.536810347897	0.9588635659408011	0.8255291728491592	0.8120517168415808	nan	0.4081272973420315	0.8974092979673671	0.389302483962	0.835520224871
segway_nar_HUVEC	PromF	nan	1.4142503432057847	2.9979619114803864	1.47463739155	1.01478690011	3.4204451065924233	0.474057498429	1.9176596766	1.489204192954235	0.9932111590835088	1.6085665418873552	nan	3.4557903647385286	1.1381066786447307	0.321072948159	1.32803158667
segway_nar_HUVEC	Enh	nan	0.7337981019458008	1.1182462978691865	1.22891192119	0.718172675517	1.7828985581166628	0.655062174393	0.918168386685	0.22619745391247537	-0.09238952469401224	0.6378500232097568	nan	1.3319236259776446	0.734181087466231	0.415327587607	1.42150941387
segway_nar_HUVEC	Repr7	nan	-0.5504000199241594	-0.7685902341954755	0.17406481838	0.557275455311	-0.600292547017721	0.212871752476	0.496158194212	-1.2260299647425064	-1.0098089811876463	-0.613277349704856	nan	-0.6649426228574609	-0.33981100734085407	0.583841262809	0.265278691768
segway_nar_HUVEC	Repr4	nan	0.31098434492722343	0.1891497556054424	0.250744024966	1.00357471552	-0.10229864167425046	0.289708208	0.515199159113	-0.3090887432237794	-0.6152008099013674	-0.01567978205464941	nan	0.05700111427771218	0.051445934088894064	0.496000245029	0.511265611103
segway_nar_HUVEC	Repr5	nan	-0.41312418528908373	-0.7292209798563521	0.218848272129	0.655009997024	-0.5953702022325981	0.258778162772	0.555575700873	-1.0531454972179715	-0.9819023299474849	-0.5779888253029182	nan	-0.5625509865388681	-0.27804439614968807	0.570093608687	0.361035413422
segway_nar_HUVEC	Repr2	nan	1.4414347255802682	3.1913720699505164	0.351377737101	0.973800891044	3.122037898616037	0.184649426216	0.845888861512	0.9745165001590713	0.5099106731158272	1.491785382186274	nan	2.4499527495686366	0.9516628223826814	0.266741166677	0.831757028695
segway_nar_HUVEC	Repr3	nan	0.4151473465436504	0.3069077878268623	0.252097711405	0.992786744583	0.1999415239278664	0.290152867416	0.480687427746	0.26287565088599313	0.16936511412067035	0.3858463112398694	nan	0.374772042173243	0.32088492662923906	0.455548320301	0.570160991183
segway_nar_HUVEC	Repr1	nan	1.001039303956106	1.2380520941338495	0.289365645154	1.37592556661	1.2280344273703059	0.300916643195	0.553974276313	0.4205599606889808	0.09994031926540034	1.0434140228146787	nan	1.5571714071041258	0.8559818923042617	0.425010641521	0.737309438605
segway_nar_HUVEC	EnhW2	nan	-0.15347231446427775	-0.36769160627216446	0.429458342508	0.541714985428	-0.220989972113291	0.440902488165	0.60194386612	-0.4681291925378247	-0.45044191045339493	-0.16989928176382627	nan	0.42939198052676014	-0.04408406181210588	0.487031123645	0.731701842862
segway_nar_HUVEC	EnhW1	nan	0.03666706468234342	-0.1081503109978913	0.613343352867	0.568773542914	0.2836969709769238	0.523099328892	0.700358555131	-0.2106163644234384	-0.18817665976658898	0.08364876696304653	nan	1.0014419605848897	0.16512186081062902	0.446024715447	0.985919341327
segway_nar_HUVEC	Tss	nan	1.6156837321469855	5.152554415066236	2.68201364353	1.29854294317	4.669684191054344	0.324708542946	2.67166596141	1.1847482165025458	-0.00086806686828656	1.5423825034038132	nan	4.016912204849418	1.3222930357634355	0.252420729416	0.679447741468
segway_nar_HUVEC	ElonW	nan	0.02049018754161258	-0.5904551020991843	0.476087845592	0.327819853454	-0.6481658313256607	0.848358524995	0.560026120106	0.04316424289340068	0.17284861621638395	-0.22682358174151304	nan	0.05794371387248802	0.12802214253865152	0.483841565686	0.630520023879
segway_nar_HUVEC	Repr6	nan	0.10655891184934728	-0.0535155222079729	0.265822868448	0.731153280769	-0.4452527051841834	0.33895787151	0.502042629241	-0.45193073941836653	-0.7423848327466142	-0.3174116672896196	nan	-0.3686756355778617	-0.22532134243520058	0.629314356909	0.46514969917
segway_nar_HUVEC	Elon1	nan	1.34731293121138	0.027723746478734542	0.520491057825	0.261627527246	-0.24732293094034663	1.79096183193	0.464691679175	2.498989635752466	2.25897941012101	1.6083826793173237	nan	-0.30661277359960715	1.041006196812223	0.398572578821	0.540094893526
segway_nar_HUVEC	Elon2	nan	0.45227290008530446	-0.5432914860227878	0.305816732603	0.281207741044	-0.5399641524661868	0.867517373292	0.448716417	1.0319505490245893	1.340227468384775	0.7336329204004504	nan	-0.4598241472060202	0.4384362429756479	0.457457997175	0.342747369456
segway_nar_HUVEC	Faire	nan	-0.9668411320625633	-1.422954193152004	0.213278613018	0.379487115314	-1.1443597588734542	0.275902245695	0.611579594607	-1.40972696710367	-1.1277421666438752	-1.0279924427060798	nan	-1.1100107847994076	-0.5791591655820271	0.679340575885	0.260600547982
segway_nar_HUVEC	Quies	nan	-0.8219451048127763	-1.0479355086568398	0.113867883435	0.257215961239	-0.6851489797169524	0.145204255727	0.428745169625	-1.5597171609799505	-1.1236730966229738	-0.7298209948277713	nan	-0.8270348877449615	-0.44826510907865885	0.516097512834	0.120403040136
segway_nar_HUVEC	Gen5'	nan	1.2205180438002312	0.15679628385873642	0.766653540545	0.365587810906	-0.0725570963823941	1.3777525337	0.571104520554	1.7728185650217854	1.588270749108314	1.3342649246695504	nan	0.9587332962274084	1.1234807700283438	0.398796592128	1.06997834431
segway_nar_HUVEC	Low2	nan	-0.9351183429165595	-1.331486003784648	0.213688762465	0.413466147796	-1.0292268552293944	0.29613098982	0.585617530918	-1.6238368271524521	-1.2286017078689915	-1.0436146264837038	nan	-0.9811459079308623	-0.6574996266671953	0.704090439762	0.256302799855
segway_nar_HUVEC	Low3	nan	0.06740879600431669	-0.1411431912846512	0.224889359528	0.672154512857	-0.13894507051010432	0.295725752415	0.507296195924	0.0011150274865409516	-0.017853976011298497	0.020755694344849904	nan	-0.14710563549075464	0.05620292057986285	0.608088208364	0.375269090642
segway_nar_HUVEC	Low1	nan	-0.5169410408106271	-0.7202730698209452	0.190884866935	0.516497289289	-0.7404672622597657	0.267621781655	0.502731131651	-1.2610180112061362	-1.1638108308439958	-0.7579795662178077	nan	-0.8605536668570062	-0.5419384575777576	0.736709709339	0.259895139796
segway_nar_HUVEC	Gen3'	nan	1.6023231548308121	0.15295974652462	0.445971442568	0.280487416104	0.008970570278726036	1.46680247199	0.375724340668	2.564210052748129	2.560572180493027	2.01667231885492	nan	0.2619268504842295	1.3736230529249536	0.329066038853	0.523960797095
chromhmm_nar	PromF	nan	0.6138739836236445	1.0222230485059338	0.994295363738	0.804007079421	1.3710998438530815	0.537871484835	0.880321593967	0.369122954035493	0.030821441350111053	0.5932071514891121	nan	2.3698129665051937	0.5410228038171827	0.512774334659	1.26567664996
chromhmm_nar	CtcfO	nan	1.1062622732348568	0.8591451370043998	0.510902524383	0.631921015854	1.026528974934499	0.536675143317	0.676468880617	1.339997561008032	1.1988377795925047	1.0908388900053452	nan	0.49889632586149907	1.0842172576479776	0.483643412727	0.763663804757
chromhmm_nar	Enh	nan	0.6382337648585318	0.5599711640407965	1.11702974327	1.36435257603	0.8082533327025159	0.686916933291	0.711765609817	0.2768512630266101	0.22824547923153127	0.604835057765348	nan	0.7052777968667718	0.6673101195632354	0.881345376071	1.46843520766
chromhmm_nar	Low	nan	0.09741967767549382	-0.34494794523522854	0.379476628225	0.469734258453	-0.2785072087116856	0.471257079369	0.482338571198	-0.15929577327603114	-0.07836362874193145	0.020701384864570502	nan	0.03830813177912374	0.21639302128155263	0.432617733656	0.53754865997
chromhmm_nar	PromP	nan	1.5788928866518148	3.8590916467641323	1.58231903679	1.10456743908	3.890272483884235	0.451809716527	1.39114178944	1.3736790426025036	0.8714340185949004	1.8493882328160969	nan	3.0504691400269808	1.1582656147816968	0.994374274314	1.06666289465
chromhmm_nar	TssF	nan	1.344916638628097	1.4326994630520038	1.65215716575	1.47043742926	1.9704564203057375	1.03487129056	1.11913519882	1.600655942417301	1.2191415184434546	1.5283261328546174	nan	3.3117563712460565	1.3114191668728807	0.805833357624	1.49483472842
chromhmm_nar	Tss	nan	1.6589121393809079	4.920652276990191	2.26127669224	1.86875006467	4.73291592681576	0.89150105485	1.33874735756	1.1711020845797953	0.26131889878614145	1.599316658769402	nan	3.8466983419615675	1.4728210129096277	0.833034827876	0.83741782152
chromhmm_nar	Ctcf	nan	0.5903289815510671	0.45708905361519486	0.468198710679	0.530882701464	0.3270551806625061	0.445957500252	0.59833086532	0.3253422336436542	0.1650495531448365	0.30804435878438313	nan	0.05919846456989123	0.30938353236099164	0.477552363557	0.569090350724
chromhmm_nar	EnhF	nan	0.1058450926991714	-0.17225601725220563	1.01462390313	1.16235427631	-0.0437878077944222	0.583485226414	0.667044455418	-0.35001482293538183	-0.2891709669198021	0.09881829507454026	nan	0.4181224292079863	0.1638232266166519	0.742664810502	1.43334352477
chromhmm_nar	Pol2	nan	1.440095663428692	0.7177728932934552	0.390756407348	0.528593889013	0.6078173306688277	0.636169499307	0.454125565065	0.7083949264854816	0.9704183112771889	1.3870309371840335	nan	0.9591778204950077	1.7787393769310913	0.376404279181	0.597093727676
chromhmm_nar	ElonW	nan	0.5659451679235107	-0.7004627742432824	0.39788943327	0.310188811389	-0.44410115643354225	0.88891127924	0.420682486404	1.339613819740012	1.7404863475796044	0.9380246308249143	nan	-0.18852827424674096	0.7253230296038353	0.382371420932	0.545104925976
chromhmm_nar	Repr	nan	0.6322181724409732	0.5699039328332433	0.751583867488	0.902893307239	0.41107018079613794	0.360505255395	0.640640986563	0.27170156439875853	0.03079157071755075	0.5410204458829321	nan	0.6557013882136301	0.4156055918402434	0.503563209664	0.434841484709
chromhmm_nar	EnhW	nan	0.6268883521486069	0.8867150101445301	0.793675337164	1.05632630775	0.985345327912182	0.510858045871	0.931871959752	0.46730677276665206	0.37405110610913966	0.7457265988001608	nan	0.9983737878685184	0.682408166087311	0.601793583936	1.14138362961
chromhmm_nar	DnaseD	nan	1.2689079374398378	1.1913789790902154	0.423043280909	0.802264261982	1.118330727486096	0.514749638681	0.618388074025	1.829980379448534	1.7939393587708585	1.5362807167913777	nan	1.3322900575508407	1.1014502779102733	0.501743563729	0.625605548231
chromhmm_nar	Quies	nan	-0.8057620592131661	-0.990300071152213	0.276756006952	0.286125063178	-0.9772731302067494	0.27118625209	0.442401102682	-1.4225974286427905	-1.4406258559683818	-1.0570247294461168	nan	-1.1735028329569075	-0.7830755492843492	0.423629648256	0.267159803987
chromhmm_nar	Gen5'	nan	1.4269826895661555	0.2586246156593068	0.792918117368	0.990319691615	0.19275854702268852	1.14299338163	0.614769127958	1.8573456994245603	1.763356029037792	1.6651649487520044	nan	1.254145974071039	1.292321005447935	0.59140504318	1.45931855853
chromhmm_nar	DnaseU	nan	0.1874858215138645	0.5017799167304409	0.503731907268	0.653081951686	0.45528458202433725	0.474065724085	0.677409133795	-0.27761807891159795	-0.35878230400390415	-0.03505434078621784	nan	0.10397152092755269	-0.019487040523874653	0.541682622497	0.710951025706
chromhmm_nar	FaireW	nan	0.117870114315922	0.12293657517238857	0.398014536639	0.590902542255	0.05071392155588721	0.453706903408	0.522488256618	-0.34056223594275387	-0.25306589891139736	0.011793044417198398	nan	0.22689437383829833	0.07593646019066069	0.506947207511	0.555192227685
chromhmm_nar	EnhWF	nan	0.19334269702048493	0.10209925645192956	0.640373215723	0.909483292064	0.09233691213244159	0.511203273637	0.783410622416	-0.06775769538947839	-0.165595090945606	0.22653104608967597	nan	0.6222014560900787	0.16176393176844125	0.537866420685	1.03643039716
chromhmm_nar	Art	nan	1.8373723084987137	1.4246631937398293	0.720878090665	0.749413698626	1.5136074897858758	0.739195610402	0.586889456655	1.6143526548855427	1.5534888093839687	1.7851607239149483	nan	1.2950164578852421	1.9180074488905536	0.651381026024	0.878593559609
chromhmm_nar	H4K20	nan	-0.2926899868896274	-0.5769058941742584	0.561943907466	0.496696430104	-0.6365790714368118	0.818401860224	0.629003565905	-0.8287212048606439	-0.8144488778716841	-0.6986263752391375	nan	0.8053312774858533	-0.4110319855408705	0.439002650906	0.802235762875
chromhmm_nar	ReprW	nan	0.09628867753250195	-0.17552055018705487	0.481411710103	0.559751844683	-0.042899698384739046	0.311622274817	0.582147556717	-0.33053207253133615	-0.22797476399041283	0.12136794328345954	nan	0.13358271634824717	0.27151135476462845	0.398692004305	0.350464281215
chromhmm_nar	Elon	nan	1.1275270270657305	-0.15094451568390885	0.464137540789	0.335003256385	-0.2990891711541284	1.53256458021	0.427737702268	2.515205354467648	2.4275589232879247	1.54616430374819	nan	-0.41393674861552626	0.6695819352139464	0.420228873404	0.647254955397
chromhmm_nar	Gen3'	nan	2.1495633342095983	0.4938424513819749	0.487153515389	0.476107130909	0.3428168036648764	1.50315122487	0.428308532916	2.831820457797257	2.845525394823724	2.4959141977450554	nan	0.3800954852885112	2.047631146731929	0.428871298096	0.892601967419
chromhmm_nar	ReprD	nan	1.240006096290812	1.7457571725187628	0.960216101152	1.25264313588	1.7278609606718394	0.384083251158	0.71035870367	1.2982029794917114	1.0672989852637458	1.480351405115162	nan	1.8482261773706326	0.9855101096475978	0.78199322787	0.67241512571
chromhmm9	13_Heterochrom/lo	nan	-0.4664544626195244	-0.7000637521629322	0.328533173732	0.392272458799	-0.6782338267164062	0.33626380669	0.52387907479	-0.9913772661073604	-1.0002654103718411	-0.6439274785192257	nan	-0.7520681317901349	-0.42905151384289325	0.454503869805	0.329433421437
chromhmm9	2_Weak_Promoter	nan	1.3461398157218782	3.289465741094194	1.25877769361	1.1621285399	3.485172475090886	0.753999241269	1.14765732348	1.279073672374202	0.7739620385222471	1.4364391776718068	nan	3.1293145021657494	1.050862647531808	0.597899272488	1.13648352783
chromhmm9	7_Weak_Enhancer	nan	0.17563653993176329	-0.010000753048921533	0.594823106821	0.749016805415	0.024715582396541137	0.515899553309	0.665599963892	-0.19628107885560606	-0.2300338865343939	0.20475448233887802	nan	0.5157052064428722	0.22953623420349034	0.520695025341	0.867940290486
chromhmm9	15_Repetitive/CNV	nan	-0.2841362194810643	0.009175450658229417	0.276256507646	0.312288532112	0.11345597239751928	0.34932334019	0.433986466332	-1.1934383706937248	-1.1873712084169947	-0.8564335913114678	nan	-0.6525802184794282	-0.3417244626729836	0.657354023245	0.354433537342
chromhmm9	12_Repressed	nan	0.49974205372777547	0.5232009206933114	0.748562533909	0.756423008686	0.5620836554659461	0.363633336895	0.561317969097	0.16258341855765085	0.07585717081886179	0.5596963255493491	nan	0.7736585515521035	0.5045400521777446	0.449992691389	0.401013011242
chromhmm9	4_Strong_Enhancer	nan	1.019834286091285	1.4475308728427907	1.23494026926	1.34227895649	1.9241803845126866	0.825607130941	0.814095524258	0.7864619114235185	0.49044497748912524	1.032094593370801	nan	1.9970181934798392	0.9901352771584797	0.875228276226	1.40122645927
chromhmm9	5_Strong_Enhancer	nan	0.29405446909288235	-0.03705881711829273	0.775058933981	0.861026079818	0.12630238382704506	0.601154984359	0.591142115472	0.08884172807223108	0.07086255840565756	0.3646662684854881	nan	0.4033531626515949	0.3322821603493434	0.615334218858	1.05203518146
chromhmm9	3_Poised_Promoter	nan	1.6560530860175482	3.5620410929973576	1.32643838705	1.19173079649	3.425205505299015	0.473297267356	1.16725202466	1.066892249089173	0.5007501496994058	1.7644998701690053	nan	2.7478939835064513	1.1125189209620472	1.22930715128	0.768768239631
chromhmm9	8_Insulator	nan	0.8434516760245891	0.6652471968375314	0.524749689385	0.627435623059	0.6882843951326267	0.461023595977	0.589650713881	0.6634784312797135	0.49790747186815537	0.6530791973630782	nan	0.23915262602475762	0.690203399691655	0.471135361949	0.615335217213
chromhmm9	11_Weak_Txn	nan	0.38079406912997626	-0.3558335910853549	0.409181687831	0.445701074086	-0.3033586019521225	0.628439558399	0.478862394448	0.6277121737685025	0.744321366166236	0.4754992005675339	nan	0.2664114639676473	0.5040964443171653	0.396881106056	0.591012488664
chromhmm9	14_Repetitive/CNV	nan	1.1507464924092856	1.2032382005060696	0.310076527106	0.290539958194	1.0843598889726713	0.267721216635	0.359121596258	-0.6741819826109495	-0.7997572333521387	0.10723503297613073	nan	0.09970494856980189	0.8760859048295974	0.499359030977	0.278299976735
chromhmm9	1_Active_Promoter	nan	1.5104334551660643	4.815760975792838	1.87901271699	1.69520175203	4.4829385906229575	1.31829676326	1.40185640596	1.1264406677258592	0.042659075771421744	1.4221310409655812	nan	3.9490410739054393	1.1932649690273207	1.11084803412	0.653271783677
chromhmm9	6_Weak_Enhancer	nan	0.5812656999822633	1.2842378978515339	0.76039047053	0.827610342303	1.776309822083235	0.527375838656	0.808428487528	0.2275505947495095	-0.025984286042348197	0.5486710758085084	nan	1.664408707780558	0.5211741760758387	0.52166978538	1.0256921915
chromhmm9	10_Txn_Elongation	nan	1.2968791003879163	-0.2359210175939231	0.433953377802	0.374978210895	-0.25091526498252925	1.25506651898	0.449011328426	2.49011759005025	2.5289902018624004	1.7476542188329967	nan	-0.3947292272405868	1.0762493776568567	0.416569853767	0.745930658954
chromhmm9	9_Txn_Transition	nan	1.1017604768291676	-0.005714305215010177	0.674451340917	0.667093350493	-0.08099996060745356	1.09568433117	0.599167987018	1.5026621651346228	1.4243731785752443	1.238950638187986	nan	1.0619726011491013	0.9904543399039821	0.505927624092	1.17995059229
segway_nar_K562	EnhF1	nan	0.1123195118856056	-0.13979005523909988	0.27966332749	0.868961291153	-0.07509276762188592	0.483947350966	0.536353227148	-0.4916507743974139	-0.3952897946424676	-0.10307052292788761	nan	0.4592835517883445	0.15199837635477395	0.581126918473	0.625698641023
segway_nar_K562	EnhF2	nan	0.6109456622440189	0.6136676569788524	0.336643896396	1.52550542252	0.628998847873381	0.593894137414	0.534883539174	0.4477058016318206	0.28050722414912554	0.5748647207922507	nan	1.5169329300458	0.48776725831322165	1.12412078116	0.802239865285
segway_nar_K562	EnhF3	nan	1.0594399045300094	1.7587800621463439	0.374916481678	1.78783184765	2.1310170820401866	1.26280923957	0.510672391646	1.0271867968343684	0.6926749876514481	1.229365848411541	nan	2.512121372836944	1.011260612630504	1.81092266243	0.846726539711
segway_nar_K562	CtcfO	nan	1.0422111685756357	0.9632550247477845	0.623812168276	0.937946337982	1.2466745726698176	0.480515404205	0.50058692573	1.130354936871886	0.8911930093256081	0.8448115155701026	nan	0.4309977210508415	0.9187103582210664	0.482553845437	0.50153998092
segway_nar_K562	PromF	nan	1.3459015246471466	3.2066632959258885	0.317613281113	1.69819135092	3.201084890440438	2.80632535802	0.429593816683	1.5182721099698404	0.9359854522332341	1.627956322757094	nan	3.791032930922628	1.213911282813504	2.31403362629	0.651001388564
segway_nar_K562	Repr4	nan	0.1850769075611003	-0.11849125516961342	0.97595241943	0.347594034717	-0.26755212895506475	0.494233871098	0.555796471165	-0.30259487581116407	-0.36401221446962545	-0.11824360025198359	nan	-0.20072204716507314	0.023675154737206654	0.391312283985	0.413921626587
segway_nar_K562	Repr2	nan	0.7384089497618662	1.2961643579354607	1.66142667013	1.14523979286	1.0376823593315716	0.379420976127	0.416132030082	1.2361746220007168	0.9440324070132445	0.9870707929891612	nan	1.1509175254687731	0.484886781878958	0.272922576176	0.184860034118
segway_nar_K562	Repr3	nan	0.1856377662431833	-0.014772558947743587	1.50270501174	0.306134671273	-0.09816557041138435	0.438773021906	0.498686869862	-0.13588636218058256	-0.15557088695060303	0.13191286509106037	nan	0.07296976680193143	0.05238206359862716	0.337260152523	0.288780275938
segway_nar_K562	Repr1	nan	0.6668371428664769	0.4999472490393272	1.97223502826	0.53103530066	0.17153960623624623	0.485235501949	0.595838970967	0.766836680471121	0.4278216800103262	0.5671321842507414	nan	0.45471233041083375	0.2944186743326569	0.563937883941	0.371144090762
segway_nar_K562	Tss	nan	1.8718474635080644	5.487468158593266	0.310593733098	1.78640949524	4.827364256065049	3.63810354607	0.410334158399	1.3730813454929172	0.1489793922631944	1.5949368691979031	nan	4.1154421332776145	1.5335874141649102	3.38165218216	0.442372305631
segway_nar_K562	ElonW	nan	0.7031477973525654	-0.42884837727455877	0.211322823873	0.325649358601	-0.4339306404309021	0.44189584495	0.521245940118	1.5142782449437342	1.62389510943662	0.9172754836091799	nan	-0.4030063861467902	0.5962061748474979	0.335823668661	1.1731132613
segway_nar_K562	EnhP	nan	1.032862526862726	1.5377896288900066	1.24765573148	1.15565488657	1.2615737121676724	0.533918603141	0.573777871111	0.822603082320084	0.31976528870103754	0.7288611847461588	nan	1.0619516210329356	0.5100924290506144	0.527004714675	0.388204339079
segway_nar_K562	Gen3'2	nan	2.0033434002517994	0.7573540813241239	0.404059755631	1.21260942338	0.515145246102504	0.489009329839	0.529160045554	2.343829276087324	2.118649315018142	2.1318496631200547	nan	1.1685909118466393	2.00875306102967	0.876463430692	1.45852194728
segway_nar_K562	EnhWf	nan	0.5538390471459704	0.6222598986550101	0.43216796838	1.18923722848	0.6321423434069045	0.34623702845	0.369543844223	0.8667960826506035	0.8246679936279269	0.9212420542583379	nan	0.9778439380841714	0.5635618208817814	0.323214145805	0.340689036906
segway_nar_K562	Gen3'1	nan	1.7925007385209455	0.535916116793804	0.370036446764	0.886412754896	0.4658356681933718	0.360001793008	0.41227804039	2.478910636482671	2.5182845122816593	2.199926962612835	nan	0.7608816266192303	1.815673057098697	0.410970058052	1.00842433159
segway_nar_K562	Quies	nan	-1.0242621637508036	-1.2468997871765732	0.121417732792	0.100624473589	-0.9567586457450683	0.338965042471	0.489358865098	-1.7855946222947738	-1.379411587439023	-1.0054644669788413	nan	-1.1048620186346936	-0.7032669673327157	0.0930079016307	0.182062698465
segway_nar_K562	Enh1	nan	1.4046097271214413	3.517586964695486	0.27697197729	1.75640843618	4.0720817958684865	1.48011789497	0.33899643234	0.696107066584251	0.4132898832815301	1.1213694731842228	nan	1.831790366326816	1.4449105115139464	2.05588284162	0.462905974536
segway_nar_K562	Enh2	nan	0.5270895877299756	0.8321172916999033	0.40530054698	1.48875963409	1.2442798765553815	0.61464556223	0.538465582307	0.1685681840460593	0.07840111777091964	0.44723566013471994	nan	0.7430091342586098	0.4523450264868703	1.23973178238	0.698789666078
segway_nar_K562	Low6	nan	-0.7554886087436873	-1.2816769606776848	0.202055940961	0.205090985149	-1.0826541491840982	0.497386484321	0.684385099113	-0.9537590299051949	-0.6924468150345403	-0.8117042005496943	nan	-1.062941342637049	-0.5577590121876783	0.228798013852	0.467765782518
segway_nar_K562	Low4	nan	-0.29970537646245604	-0.34703109533617854	0.413947383011	0.216224351463	-0.32027072373472837	0.472559934531	0.640586520025	-0.9124475147884052	-0.8829808493947244	-0.5269883131690032	nan	-0.5530593913053123	-0.30857289959514117	0.245824502816	0.344874263545
segway_nar_K562	Low5	nan	-0.3950695317237068	-0.6768822594715849	0.726488567677	0.201668579395	-0.5381435337572263	0.440251077414	0.505490632709	-1.115269358004733	-0.8059188730130161	-0.4612384197671592	nan	-0.539590709964009	-0.219884661116803	0.221015847984	0.279888112594
segway_nar_K562	Low2	nan	-1.151057347933277	-1.6929589950310584	0.178075874375	0.15341877955	-1.26317307605941	0.438066768107	0.545572974377	-1.5727609495528596	-1.1942326166039912	-1.1598770332391934	nan	-1.3814731478444173	-0.762495425189806	0.115215969439	0.245929291539
segway_nar_K562	Low3	nan	-0.09782829680726855	-0.17313921625809237	0.526258900474	0.312531228857	-0.2649435696098537	0.454613067079	0.602431521487	-0.8920401312522326	-0.8639587737614396	-0.38404146186041355	nan	-0.349411670748093	-0.2597209471798361	0.308314759168	0.370000994794
segway_nar_K562	Low1	nan	-0.35124055107734065	-0.955124711143058	0.313581955154	0.292468337774	-0.7639502445311802	0.478030869813	0.531136232726	-0.46360675418686875	-0.3204015813475016	-0.5305919773789456	nan	-0.6352203805136386	-0.15798010754675743	0.234918267876	0.42964618196
segway_nar_K562	Elon	nan	0.946747495743738	-0.07451699299801874	0.297368507224	0.496386819612	-0.3738367355910799	0.474555557151	0.544229710705	1.9354948395049854	1.723462444209478	1.035753800598345	nan	0.04847086989815182	0.6730134744991083	0.579594614223	1.4173226012
roadmap18	5_Tx	nan	1.6805098560981027	0.060756054892610316	0.456365052082	0.471395573358	0.00777083766165225	1.34929631236	0.441056924664	2.905513256921596	2.8820017794927875	2.1519087422435317	nan	-0.24737734189429175	1.3913964882917538	0.425131051019	0.817550942351
roadmap18	6_TxWk	nan	0.5761329519876801	-0.29348141700828567	0.426841154075	0.475821004289	-0.22019071055372536	0.6947252765	0.479223701629	1.0430963931435802	1.2119391974345994	0.7446491771011704	nan	0.45529899495864035	0.7083979742820581	0.389495258589	0.648955630444
roadmap18	15_EnhBiv	nan	1.464273128596121	2.1090125174197314	1.12527647125	0.938284979132	2.268554370805058	0.491751935872	1.42179752919	1.1516122413512468	0.7826966077128404	1.8202206184126555	nan	2.386033317212257	1.279439116445162	1.60156764862	0.822627586275
roadmap18	10_EnhA2	nan	0.22649818694293922	0.3482281321527401	0.734340406537	0.847797622694	0.7579079148095434	0.534152190245	0.762085036596	-0.4254447050431792	-0.3580050167641465	0.199517668923737	nan	0.6598172396285631	0.41802506968782116	0.484073283664	0.810418343582
roadmap18	14_TssBiv	nan	1.7850172558926043	4.225451898758191	1.96513625778	1.0430588841	4.0122453072547	0.401701339582	1.53804746412	1.3458182133859455	0.5870944451640635	2.0350025996729624	nan	3.308639509819624	1.0656244478947265	1.48688509709	0.750914726703
roadmap18	17_ReprPCWk	nan	0.27323438137653555	0.09415015136097633	0.708612824084	0.55177998561	0.1293765562318632	0.378937504036	0.608972516025	0.02388533754794297	0.011914262633391319	0.3170326921769483	nan	0.3625520841516752	0.31734412934992373	0.423687939704	0.386412672662
roadmap18	1_TssA	nan	1.5328722954927407	5.002794114615006	1.82427582636	1.81612678616	4.632301123522175	1.36099773802	1.07914525756	1.1420687442720239	0.06053316199681788	1.478347534223822	nan	4.014369202170024	1.3205496513225483	1.19152099563	0.584752779631
roadmap18	9_EnhA1	nan	0.3083818211083333	0.23815023839102897	0.804204440373	1.18550120418	0.4246185472948782	0.595861561702	0.741303150554	-0.22245781176250662	-0.27148709262407184	0.34603141530307746	nan	0.6631461680035436	0.3673859357988377	0.738151069395	1.06690460483
roadmap18	7_EnhG1	nan	1.8211005161451013	0.36490059358453836	0.664911894465	0.922714922684	0.2621864529193814	1.1265107077	0.558542357103	2.424790570664819	2.2750018127813956	2.0931471259741334	nan	1.0302301149476805	1.6184070764156704	0.635840217348	1.32497804776
roadmap18	11_EnhWk	nan	0.3924988483691799	0.3678936310341128	0.638936614025	0.920830562431	0.44970391367251134	0.560824999399	0.757741073988	0.11435748859235748	-0.021872829778013834	0.4387452975944747	nan	1.0067438052598952	0.3827170081595299	0.587624810693	0.918280852494
roadmap18	12_ZNF/Rpts	nan	0.9727832786481939	0.7128261265347928	0.579081438048	0.46984443218	0.5837109118199607	0.608855657525	0.496550630455	-0.28296266883317556	-0.49982295523374237	0.5551427930431989	nan	0.27237090760084903	0.6823737787344822	0.980139399466	0.948509914952
roadmap18	4_TssFlnkD	nan	1.2211014372638496	2.1515958915200204	1.21157851546	1.31395991417	2.5584204021140344	0.801763328096	0.996924811405	1.4727046277471865	0.9827186165941592	1.4076650359520861	nan	3.0107692181426233	0.9942721358719709	0.73644756576	1.39446026268
roadmap18	8_EnhG2	nan	2.154159219862513	0.9807131812664882	0.881910682062	1.61912532437	1.0143905693552693	1.29100930905	0.579401558769	2.594415346088894	2.42937526689023	2.296124605051495	nan	1.3857121040976095	1.9373335830141343	1.08656335847	1.661554935
roadmap18	18_Quies	nan	-0.5257348522168722	-0.7392214077258336	0.304819769352	0.318474645395	-0.7210104615987146	0.314484294659	0.450192807454	-1.02777893763478	-1.0368654963875796	-0.7249359470488184	nan	-0.803512403719499	-0.49532714922655396	0.36105972688	0.312936356214
roadmap18	16_ReprPC	nan	1.1624766158174564	1.4910967979452925	1.00807635902	0.894986279487	1.6076870559768799	0.449160957681	0.720028095025	0.8145877017904954	0.5759348892163452	1.3590335911648592	nan	1.817859254268918	1.0979010197316428	0.812964185852	0.553370905917
roadmap18	13_Het	nan	-0.23708910537948819	-0.3882325958714494	0.329262480531	0.372344641735	-0.3440421218012536	0.351036374346	0.534778584095	-1.4869150668483762	-1.5008317166246767	-0.5766044752250563	nan	-0.6421630531398476	-0.16622179730312012	0.651221850667	0.404173061893
roadmap18	3_TssFlnkU	nan	1.2862791669607172	2.218486418345018	1.32993531578	2.04274762017	2.9338764176531287	0.947233380805	0.855655230803	0.9839171315180293	0.47007698728658664	1.2614835145762926	nan	2.735811471763119	1.201156121159475	1.15958166795	1.46203262702
roadmap18	2_TssFlnk	nan	1.0611869396459068	3.7845207011256288	1.40866336027	1.12067307121	3.9581596786784545	0.847366067257	0.841961355891	0.8042669206519711	0.24383040018611354	1.1864834238060114	nan	3.3252350306561906	0.8749745166346011	0.627523473832	0.700893772838
