orig_label	(04) H3K4me3	(12) internal introns	(08) 5' flanking (1-1000 bp)	(15) 3' flanking (1-1000 bp)	(14) terminal intron	(06) H3K4me1	(05) H3K27ac	(02) H3K27me3	(09) initial exon	(13) terminal exon	(07) 5' flanking (1000-10000 bp)	(10) initial intron	(03) H3K36me3	(01) H3K9me3	(16) 3' flanking (1000-10000 bp)	(11) internal exons
23_PromBiv	1.1605155687340543	0.8765668807086893	3.7616439113917775	1.4799894405567628	2.1344058998315774	1.1814781190593509	0.4669949369186094	1.4835162231514207	3.7691672292865137	1.8382413884600695	3.6874207113109754	3.1547524705737104	0.2531820693177901	0.330014953730608	1.3381817514027132	1.4174763975081572
25_Quies	0.4682063645112249	-0.8816502377204773	-0.6958443520720178	-0.3608212653192687	-0.5833374758491682	0.27930660798810997	0.18442784089641506	0.4922762680921123	-0.6872636968872547	-0.40825534017286336	-0.6603797878025182	-0.719626595097489	0.2330830986681018	0.5485388273542284	-0.3483583412710407	-0.8880814798722383
8_TxWk	0.49015275664076335	1.1891922599844647	-0.601354213412053	0.5966675471053378	0.5615499507945754	0.5002397391054452	0.41645055260324687	0.2512621208868592	-0.6122698969124238	0.33165598410452385	-0.47352954733632874	0.09286052424925531	0.8917751679927501	0.3409061417767183	0.6100173300703677	0.7420919747022782
21_Het	0.5282643486174932	-1.5555308736036906	0.6019506982639308	0.6781611068474159	-0.08387666808729598	0.22890287266690845	0.17721429559344168	0.49846145050138907	0.5869974002930808	0.7410347370374281	0.4471318742834541	-0.2465971459625287	0.3304379561714919	1.6254744904617777	0.641308786938176	-1.628291426799128
1_TssA	1.7932152548107836	-1.037715167138895	6.660671860132157	1.1713872748167489	0.7619354195426513	0.2833151163088764	1.5469507742966897	0.5567385681734908	5.7018301449359186	1.3529183958644908	5.528769213244623	2.9765953448865576	0.09213647789765567	0.12863103119433145	1.2717651949802917	0.04291702610048278
14_EnhA2	0.7251654516473605	-0.0655778937807922	1.4001194080916373	1.2631152746664034	1.3193723607485148	1.2594453481034364	0.7396856215498995	0.8475114221628304	1.3455002823140645	1.112881132020033	1.578662473232091	1.4420241742067115	0.45997698233625545	0.4052332525524475	1.176673219959155	0.22990100697576132
18_EnhAc	0.6030762998131938	-0.21852687236014165	0.6978397798866868	0.45222996319687775	0.20795259305237188	0.8312016938605001	0.5607498517922981	0.6493447992248981	0.6952545263970974	0.1879542776584484	0.6164709773603362	0.6894048380783037	0.4161980562682786	0.45273748645629863	0.6172547851671907	-0.3218577898436415
3_PromD1	2.7071957349397664	0.35724294725214556	4.472852094976211	1.1789204588370492	1.6462449581496545	0.8055432430934587	2.758097005622689	1.3335629171419026	4.97482100509176	1.5277336317139554	4.3412775016340435	4.311351044513674	0.3433703871511865	0.2685869007556805	1.2000050773959385	1.516371095215335
13_EnhA1	0.726323502166987	0.6416204567200565	1.7801807056440455	1.6040659745827872	1.838573685191006	1.2330980406605554	0.8445937390840138	0.8215376048532108	1.9263769915091868	1.7846951604997838	1.855236318241487	1.8880174169879418	0.5389317453141095	0.3856002172643802	1.7509670331990215	0.9370960893050067
24_ReprPC	0.5395286476616687	0.464752878294657	1.2774298187668438	1.1543353380823036	1.344012865174075	0.6919297011486397	0.25647673749641614	1.4206127154669266	1.2735189981038908	1.1405948965275494	1.5243701130819196	1.8308373349169245	0.275655351968686	0.3842759970084518	1.1463824158545428	0.7264207267941524
22_PromP	0.8493504471748055	0.3906531251400627	3.48813123696251	1.063738864893562	1.317733242046527	0.7748006414698587	0.5338840660748068	0.6977464409204127	3.2293550991717797	1.2976218973087377	3.4365561294461227	2.6730175334174198	0.30633593373250345	0.42494386079724666	1.0361485957988719	0.8957521232421706
12_TxEnhW	0.7844199184852539	-0.2568636438871462	-0.29871696617125393	-0.03726595155052585	-0.025870044679071898	1.5473765067996306	0.9867193370768006	0.37486477730059237	-0.2445815573045705	0.05080124781944605	-0.3843302210950925	2.0495392837180906	1.0420279562940207	0.3770158580847968	-0.04304470745969305	-0.0681341919995827
4_PromD2	1.7303342964509518	1.2501467888040638	0.6280907310760573	0.9265429052004243	1.3715977374635822	1.5325602249879997	1.4558108820765008	0.8908236803259292	1.065096389689257	1.0701541659937472	1.1232356384913003	3.547456735098828	0.6517854952625293	0.37728073091413156	0.7925483471503801	1.6171971634376368
17_EnhW2	0.5534048283761324	0.10873627618330195	0.3957672497023798	0.6143676263473574	0.7461165465270939	1.0218135866029046	0.5084752537331988	0.8037187247936457	0.3992867713343275	0.5655072387304818	0.47596239541690705	0.877077185449071	0.4459037532855446	0.39102696761868744	0.7052899512103329	0.16220376156479002
19_DNase	0.634778718846749	-0.34960889991254895	1.3324215221263058	0.3575235265905028	0.18471659075667776	1.0098475405470742	0.503751890574566	0.7304761705539692	0.8766476899911027	0.4159830552332281	0.9436534948590539	0.2580075754958945	0.3576736672392859	0.4719554532514541	0.32630956202105016	-0.23592886478484643
5_Tx5'	0.5740449974044018	-0.959864190336906	-0.6728166623422192	-0.4013523982988477	-0.9436623660124934	0.9632178199506987	0.6559589970835126	0.2523619328442368	-0.6742217252381089	-0.5205869331052325	-0.5774284703462369	1.3219915548289165	0.9393324052739809	0.38812790361312116	-0.37456461254801854	-1.122141477256113
11_TxEnh3'	0.45514409362445785	2.6459730889462048	0.3575383547051983	2.0677978605790024	2.6487924611318134	0.8294977248809294	0.680292376625069	0.38040374233055857	0.34785892467647145	2.3087853831853953	0.35197316057770944	0.29907378850887983	1.516976918435924	0.3316478857864083	2.0976413953538837	2.7683960373640617
20_ZNF/Rpts	0.5550056641449868	0.827272256666912	0.36735082297843263	1.2604637018086458	2.132848987319585	0.3437286705131707	0.3335106638409933	0.28134718415456494	0.3132132091604935	1.7410784415566218	0.24031263450618365	0.6413600432940845	1.4408935092055672	1.4211412417773928	1.2196863974711047	1.087240787521412
2_PromU	1.8695111680631222	0.13594629563896962	4.290370261502494	1.789384332355695	1.829328504643107	1.3030285014779428	1.455402955095046	1.1704520819132744	4.1284667108136235	1.8757875334376444	4.724530856514433	3.0917687922697854	0.2818722182326285	0.31409938930648995	1.6113964702148744	0.8222757076694895
7_Tx3'	0.46931701753247157	2.7661490575892045	-0.10629172980997591	1.346060470436756	2.053621705781173	0.4200182096911947	0.45075775118094424	0.22508850340112205	-0.10534163312290522	1.581008287759214	-0.17831266725050346	-0.6720546104315378	1.750732312450912	0.34738402313772077	1.2932530054766898	2.802158160737517
16_EnhW1	1.0030987822136446	0.26977429604231196	1.9636027352515344	1.1194346072502526	1.0419038266075087	1.4312390390459426	0.7264979790625945	0.9057742281141956	1.8787693385120139	1.2221687615099222	2.4131187651561765	1.9352732467961715	0.36097615734961275	0.395827516018001	1.0223303707966902	0.6156600576953404
10_TxEnh5'	0.622393063770183	0.6191305624330411	-0.39272413668337086	0.2551162539586913	0.6431552402932675	1.4003172319395318	1.025483276347952	0.43199557402825967	-0.3138109735462364	0.3573281993427435	-0.24284631279261457	1.3033388165234963	1.0939906860227484	0.3595133018680107	0.22564555634409705	0.7653644819636218
15_EnhAF	0.5684831023328332	-0.19293445323212968	0.6004604874262092	0.7837894197172065	0.9912092584525317	1.0707451461267725	0.6180130089947724	0.7941024966860398	0.6088536102515254	0.7030490295139862	0.7188663038621114	0.9175841520510751	0.46488213557561897	0.40461919417286607	0.8301244484054419	-0.22581463345372413
9_TxReg	1.3685398905629451	1.5671436978059645	1.241357999403598	1.7573362144930798	1.854845540072574	1.536978839794614	1.5356137296977541	0.8114109686829731	1.4395324916741798	1.8344792653064275	1.4350794859187717	2.9134786016929635	0.9786502018857537	0.345059536675746	1.6952442592042558	1.784436724420435
6_Tx	0.4973112699275358	2.492635271170438	0.4061505246910976	1.3349055578717093	1.694891422173548	0.8532606229487273	0.6796544831712601	0.23818142729135905	0.4754168554670096	1.5405168023407259	0.25340077457231125	0.5662578691950937	2.0136608527310487	0.35953559684484304	1.2609465127847326	2.6571738907385116
