orig_label	(04) H3K4me3	(12) internal introns	(08) 5' flanking (1-1000 bp)	(15) 3' flanking (1-1000 bp)	(14) terminal intron	(05) H3K27ac	(06) H3K4me1	(02) H3K27me3	(09) initial exon	(13) terminal exon	(07) 5' flanking (1000-10000 bp)	(10) initial intron	(03) H3K36me3	(01) H3K9me3	(16) 3' flanking (1000-10000 bp)	(11) internal exons
10_EnhA2	0.5603161387615013	-0.09721529278621556	2.0853192916792183	1.2173901793195312	0.9861076662121638	1.3603886353109744	1.1747251896046607	0.22512798619309238	1.6452969214238582	1.1080411531231447	2.1523729533214677	1.4273884366152425	0.5324508076153056	0.4940237666596583	1.2161071101300163	-0.26813929542485926
16_ReprPC	0.5181458708309555	0.8881788756379875	1.0614716122154788	0.8421393040666898	1.1219139161346334	0.510024796433874	0.7858194161289045	2.130141756982763	1.1370939881982265	1.0326594533658207	1.0595084774999177	1.0966325963252994	0.33925871239867406	0.620456063654288	0.8109916557872274	1.1283164473025988
9_EnhA1	0.6106404447678014	0.05963404201098332	0.4463997331963839	0.6524538132446631	0.6223146009731887	2.1412108871332975	1.785818756427509	0.32023796939858673	0.4021796034292957	0.6633014880013713	0.6260739671246585	1.0053614559794521	0.7777273195737812	0.5714641967925692	0.762816703984392	0.11392696331004164
4_TssFlnkD	1.260314738234715	0.676922265700567	1.6641333212826055	1.04421622212892	1.1146918256219343	1.1478885350328114	1.803402740032444	0.45057979296626743	1.851954664680037	1.0240075576201526	2.287479924813544	2.6764207978242256	0.7432113671424465	0.5485749676647815	0.8484093212597451	1.111175464864173
2_TssFlnk	1.8828651454214753	0.18504275045289773	4.514298247502863	0.9428935707423696	1.1227847515066625	0.888667886642555	1.6729712338427554	0.45841367396787314	4.015026272643913	1.143025271588599	4.006477579480045	3.1273845221650505	0.3928318245742636	0.3864429267963058	0.8023611561730039	0.6706434413163245
7_EnhG1	0.5831983956576728	1.8715167279885403	0.08468170393120715	1.4089385171873063	1.6985211250957866	1.0139361228621089	1.250143546522617	0.2878631037972478	0.16039581694764438	1.4760711962370294	0.025953868129576476	1.4221803866909792	1.689864716861406	0.5719428267288231	1.395576001071509	2.0226793933631435
1_TssA	3.273113494035906	0.07560624924890079	4.814450497464748	1.3451870140525073	1.471590862442753	2.87299779953149	1.580804624020749	0.263205237328786	4.92809220887351	1.5272199482732298	4.559450026828324	4.030109837208092	0.4768430478870387	0.3996113329521728	1.3474497714875973	1.1479823105369749
12_ZNF/Rpts	0.5509948409872423	-0.4494965833596214	0.053254172183234784	0.6571309924596919	0.8217659395390489	0.46985353874469116	0.3708366930934192	0.3809725540735339	0.23682238407634487	1.1359622329993393	0.073587499375408	0.2267874867939343	1.0538344651274743	1.5542080819202215	0.5933094383434127	-0.33688697564233505
15_EnhBiv	0.6635855155942342	0.7168374204731672	1.79478077657365	0.950600065657361	1.3976747963695615	0.7192838615839707	1.4694625273333195	1.9559656474630713	1.8301227463127705	1.2662094424290955	1.906252947964451	1.7312639525765905	0.43148172747199626	0.6889217539660942	0.6437390522265147	1.0963211297994104
11_EnhWk	0.5374725372906591	0.07061345687939782	0.46508835900794865	0.572675635597005	0.5617812381850456	0.7926577109822003	1.3857463304969688	0.43845656188526394	0.48673009180126864	0.5839197193544574	0.5424970711697334	1.1454673937148159	0.648374972729126	0.5264282620078686	0.5891696567381817	0.14677481038503018
14_TssBiv	1.3691617802533458	-0.11305037453291482	3.327315749756331	0.6613135438162682	1.510124522675853	0.731673553371393	2.0944024404794384	1.7699247897639263	3.5164426627957077	1.6045428195780058	3.476176767036017	2.55895051766072	0.38389354935868697	0.6594278291072854	0.40407739931992853	0.7752652432259518
13_Het	0.5272373728672085	-1.8332339700412452	-0.6741062669028097	-0.3499517558849706	-0.8431580416080835	0.2236661382523182	0.20037235674156276	0.2380023913502844	-0.6822416981920496	-0.4228922802204198	-0.6648395797936785	-1.066614837360314	0.4001432086092499	0.9925115769345272	-0.3669090842921733	-1.8343959881625533
8_EnhG2	1.1906246124063977	2.3628167522287598	0.8476102500561261	1.9734074114699853	2.2739453231606515	2.195935118093426	1.7393883106282857	0.3119123883844037	0.9131755440811564	2.1316908191863395	1.0987877706357327	2.094837634092308	1.8113673140431412	0.6250229013073898	1.9210268627780815	2.5255558309745836
5_Tx	0.48264653696508925	2.787892466521015	-0.024167604473086232	1.2486998623730796	1.938676037757312	0.5215694563640243	0.4844821693582175	0.2655244947185658	-0.027849898438635296	1.4758970215944427	-0.054613382574141875	-0.22945963119948157	1.7284439140805088	0.5373853650062081	1.1744808482577602	2.8310272254801196
17_ReprPCWk	0.45297789459258614	0.22460526088857796	0.2726271472501319	0.3694034367305889	0.38221638233506783	0.3354586100341648	0.44735608784252895	1.2997581065805404	0.27961038646181013	0.3483176192920057	0.28518165476178364	0.3982303962294924	0.3007692413942119	0.49554168424383405	0.3728849913505966	0.20978650599903595
6_TxWk	0.4124979693751864	1.3331350142196896	-0.13088424954438382	0.8117862638306397	0.9612497117919024	0.3727593524132898	0.6106454885425119	0.2840394444775626	-0.13537736079416612	0.7444905437771425	-0.07742399445059185	0.4713980521895858	0.8011191255371386	0.44315641738165146	0.8278713091146066	1.1842558347105006
3_TssFlnkU	1.6815840130284636	0.5495712955689585	1.9818866094451508	1.2016389098225537	1.2718984578160315	2.7325714603041917	1.940964958534599	0.31077306319839915	2.0373565700095275	1.2375286607022504	3.01393869950168	2.736546013919908	0.7718746665605716	0.534190147734682	1.176502312512727	1.0158704479807128
18_Quies	0.38028313881271064	-1.107351706126111	-0.7292804039294868	-0.5324714536010872	-0.757949880856934	0.17851603868785096	0.19287805466014216	0.3216838361786054	-0.7292797690635373	-0.5563423580941835	-0.714188377503244	-0.8377591232970839	0.26526456423680317	0.49142429519300695	-0.5253221093081437	-1.090461485208488
