concatenation_key	orig_label	(07) 5' flanking (1000-10000 bp)	(13) terminal exon	(09) initial exon	(04) H3K4me3	(02) H3K27me3	(08) 5' flanking (1-1000 bp)	(03) H3K36me3	(01) H3K9me3	(11) internal exons	(12) internal introns	(14) terminal intron	(16) 3' flanking (1000-10000 bp)	(10) initial intron	(15) 3' flanking (1-1000 bp)	(05) H3K27ac	(06) H3K4me1
roadmap25	16_EnhW1	2.0505887640652847	0.9386391999961181	1.5740206365236442	0.955510747963	0.725842368163	1.6728429876144717	0.454617765256	0.551688261627	0.5215094351509039	0.14404923146803472	0.9303962543377456	0.8141479377238574	1.6498678990277658	0.8411534977408327	0.911306346567	1.48447016956
roadmap25	18_EnhAc	0.5692290929422588	0.24472077973213133	0.5086029619931006	0.54622576609	0.627591260103	0.5265903432704898	0.47190295486	0.507499019439	-0.4325135291086428	-0.3432671550088083	0.2545826514441883	0.38899715137880614	0.5396734243512674	0.38974567975566643	0.509909361409	0.742183785458
roadmap25	4_PromD2	0.8853888229141982	0.980532093393616	0.8416841081086383	1.85295992899	0.587195576159	0.38850122694169886	0.749755988131	0.491025607163	1.6096324345367807	1.186657792066595	1.3002095781462477	0.7576409963252398	3.55628513463298	0.898974196206824	1.31377637589	1.48113012534
roadmap25	6_Tx	0.19198698669885647	1.3847369329061698	0.4393883690999516	0.549726326318	0.32195611746	0.3686302662883801	1.76902713942	0.509506233003	2.5689265913683674	2.3751270375210503	1.4703594506555493	1.0447901271617301	0.6543497090208422	1.1313093520424664	0.712956826178	0.842666321972
roadmap25	14_EnhA2	0.8426644193608864	0.4774941430640737	0.6812808330799327	0.755542202633	0.63292839791	0.7648220354822696	0.539955112462	0.542320883053	-0.014281475887420802	-0.18199744860381753	0.5409623456703058	0.5912032231498244	0.8047787472798138	0.5421153484817812	1.09159520545	1.40402974274
roadmap25	19_DNase	0.6684572074708178	0.3558456790279773	0.6685128826103507	0.560460364445	0.652163135723	1.0135121091972652	0.421929277288	0.569485466166	-0.3469520038495476	-0.4849312811092109	0.0443161722933349	0.26064505533282917	-0.018427615399236177	0.2887045637669397	0.475747987922	0.741368830468
roadmap25	24_ReprPC	1.226459465984133	1.060650912011689	1.0971408211138636	0.507898397041	1.53382651247	1.0903028159222197	0.348425189322	0.492886298242	0.7706595758414391	0.5624845961797178	1.2199375033216964	1.0112418571109878	1.5666547839622489	1.033515073041373	0.358959718066	0.716431424818
roadmap25	21_Het	0.3821249421547783	0.647427401200586	0.5353145328641279	0.572074553112	0.514823221566	0.501083660225804	0.403316164276	1.33107152455	-1.3632424345583727	-1.4056025294858414	-0.08924375477504037	0.5440380169562627	-0.1782837961053848	0.5878926270671238	0.294431536618	0.286468507496
roadmap25	22_PromP	3.18191003520846	1.1050971098914029	2.9982980698048745	0.942319270473	0.554555976172	3.391663808888808	0.39645308809	0.512059364594	0.5880703206631358	0.20812245641175148	1.0656129057537913	0.8745096604136571	2.361614293839663	0.9983521347796065	0.826892751233	1.04081544337
roadmap25	15_EnhAF	0.34193542686534567	0.33255547905549254	0.1649226212725881	0.654475546797	0.65561535551	0.21810449060729245	0.518834326273	0.514855182616	-0.34065942048274583	-0.28626575590204334	0.48720538290066495	0.46398223554982926	0.4758193007550625	0.40479098655700024	0.784520355153	1.11520867334
roadmap25	7_Tx3'	-0.145909608342944	1.6778494134118882	-0.05603353841008286	0.470924066677	0.314287715566	-0.0645867605888451	1.52896206905	0.455188581859	2.9156355477641753	2.8477384672317374	2.137726472657394	1.359906429826274	-0.6304051925072137	1.4232220291694955	0.503164998544	0.482305454571
roadmap25	17_EnhW2	0.19820922933607352	0.2919995895183092	0.09410909676666732	0.651724377059	0.68355520823	0.11144453337090619	0.522341117374	0.518756530098	-0.07756225979609103	-0.11635226584697433	0.3931379525987833	0.3897925067501781	0.5019068725664951	0.3277295374469048	0.658111104078	1.11571823989
roadmap25	20_ZNF/Rpts	0.2855582968560475	1.8782962424540426	0.4052272985381077	0.645649334881	0.369863646794	0.43717531544385424	1.27846700171	1.52219520651	1.1667215841468384	0.8846255135665808	2.067030211910578	1.3370390415273994	0.444432459881168	1.383605932039748	0.384894517386	0.349481825113
roadmap25	10_TxEnh5'	-0.37448722442705434	0.316096292961729	-0.35106197894223834	0.725011182463	0.414129746282	-0.3477904265938451	1.09241741215	0.491989241764	0.5680647919413033	0.4239566849199123	0.44913963556718867	0.20660575293497474	1.2268436656024322	0.22084020285152442	1.18096702826	1.51853873156
roadmap25	12_TxEnhW	-0.5306767136548748	-0.07317897651567384	-0.39846101158917707	0.819951813816	0.39065028785	-0.4784346016194745	0.956841790915	0.517053618059	-0.16210813828441403	-0.3403078731935598	-0.19822938135088763	-0.17828354803396398	1.9571686804632316	-0.14611416847621583	0.951454724374	1.41800176247
roadmap25	1_TssA	5.340836751482231	1.4415878702298945	5.7231886149496995	2.58889099105	0.494415621782	6.262373758095049	0.177830235124	0.23498530381	0.3240136588072759	-0.8045495960959798	1.0362192501403156	1.2954572865952543	3.3308191625922987	1.20947566929928	1.77557350257	0.927056285323
roadmap25	5_Tx5'	-0.5875521054303044	-0.5342508387477176	-0.657779323136042	0.535061421039	0.310789933612	-0.6554020146573095	0.8311626586	0.48271869558	-1.3877490871489082	-1.1556604168587525	-1.0575845916834992	-0.40457762466984465	1.3487091928697064	-0.4356087982116273	0.576599614409	0.815966302413
roadmap25	25_Quies	-0.6625348533092028	-0.4149180222534664	-0.6958694790456219	0.429714395827	0.451870787726	-0.7037106080622523	0.292757042569	0.510576626095	-0.9355296503480568	-0.9258587383218928	-0.5854699159405355	-0.34878007327006383	-0.7058170546096494	-0.3623002093411241	0.241070712792	0.29025093061
roadmap25	2_PromU	4.52874515629906	1.7947324544801382	3.8056130753670443	1.98803101867	0.904611536585	3.8673613573346013	0.389835980513	0.456442238968	0.8825726369384538	0.15999371776904908	1.7508927682603121	1.5751237514203928	3.087762932801372	1.6966170281336597	1.70708208319	1.73276178202
roadmap25	8_TxWk	-0.43051733272037107	0.37902005163366487	-0.5860421525047247	0.44911622457	0.308377488541	-0.5670213238865516	0.773070268382	0.41253389078	0.8321731939617328	1.313044986579442	0.6624320822616928	0.6592208400197807	0.12008314836554629	0.6341989378972898	0.400645151039	0.471802985418
roadmap25	3_PromD1	4.083558171257387	1.4584332000972366	4.7852708402207185	3.04103127368	0.821574103021	4.077695605524921	0.449460944593	0.413802876579	1.5927338759240863	0.40166215921625087	1.6363792137256656	1.0976198135341466	4.386723318342289	1.0833934543814163	2.66826673458	1.19863114192
roadmap25	13_EnhA1	1.1437616358269314	0.9074046830582241	1.0793984873670015	0.922431807273	0.578433426818	1.0384388741021389	0.592834429136	0.525255941045	0.42652669341926325	0.24160803182002907	0.9661848150574407	1.0110414544719972	1.0862295416326928	0.9887672997108297	1.65721260363	1.57313844883
roadmap25	23_PromBiv	3.5957233461438185	1.740032151818539	3.6950781784935933	1.37799310021	1.85404994871	3.6564910840665674	0.33521910983	0.474367426388	1.3652055445731053	0.807252429219328	2.0491781392054653	1.217380193105021	3.1014795312303693	1.323474959080075	0.497967620997	1.57514684552
roadmap25	9_TxReg	1.088339563973218	1.5460133182480484	1.107649275515534	1.63397612148	0.529613249875	0.9008640847185089	1.06237177791	0.50175523982	1.7310235430922365	1.4760307083818165	1.7257511000994725	1.3926891600019382	2.8396594539606097	1.4467266647532062	2.00237701593	1.7396572537
roadmap25	11_TxEnh3'	0.368418569863482	2.2415769162639063	0.3688957680153419	0.585791468553	0.427690329102	0.3942672649884094	1.45419731519	0.474590434975	2.867698130400828	2.6978526250652894	2.5548623373235055	2.0693907070020425	0.20044943213590266	2.02617333793096	0.92289789856	1.1312254008
segway_nar_HEPG2	EnhF1	-0.09596481104568859	0.24929687753476432	-0.23673688293612344	0.74171428573	0.296277424979	-0.2545890074690178	0.771753608706	0.426799465846	0.14065491369269637	0.09507766377435953	0.34303866100410274	0.34709162356279977	0.8885096716579881	0.3454848733553171	1.94685077347	2.4926308394
segway_nar_HEPG2	EnhF2	-0.46688859933707355	0.019982377303109564	-0.43846645538543016	0.58816973291	0.250915466832	-0.49164494059870484	0.698707810646	0.479366328511	-0.35895691090984494	-0.22739990577926839	-0.20179604017008368	0.07036081879072048	0.4231081117745398	0.167667918246678	0.910150331842	1.42771282513
segway_nar_HEPG2	CtcfO	0.9358426052645195	0.9399097565104724	0.7949415796383086	0.395886739253	0.441543547506	1.1790698275156777	0.38573185558	0.33965731811	1.0593396144442997	0.8399972998552667	0.7709759707043443	0.8126445444088373	0.39559826578637297	0.8085375125793327	0.281672337626	0.73716462679
segway_nar_HEPG2	PromF	2.9869302605342463	1.1288604401988047	2.280585930802185	2.5832993626	1.26983759287	1.717816492811774	0.553037364612	0.340373760531	1.358704861184546	0.767943671700544	1.4429374708304545	1.000651837311435	3.5757028438028002	1.2030162078651658	2.5178989877	1.61662968063
segway_nar_HEPG2	Enh	1.2368296567457244	0.965555769564382	0.7794167237019473	1.12877416654	0.505216142212	0.8489413307127377	0.593335235325	0.343294384511	0.6581986652363817	0.46045226432203107	0.9235121288297872	0.9581033283944884	1.1020037618247738	0.870390077693048	2.72498270204	2.50968449134
segway_nar_HEPG2	Repr4	1.13331019762326	0.6845296559412675	1.0747242020828969	0.725671555389	0.903721168957	1.0230994794053094	0.292122141407	0.415803604351	0.28289908107778405	0.006491554531542005	0.6448213621470359	0.503046520505907	1.254027351956084	0.5687633540520711	0.312476355208	1.78051221109
segway_nar_HEPG2	Repr5	-0.44206375942451465	-0.3057541842828294	-0.5751576113465195	0.452929289244	0.888916461739	-0.563089963885082	0.193407599129	0.529186332771	-1.2167943359728108	-0.9888927437814964	-0.43087974679519386	-0.24239672724341615	-0.4492798065000653	-0.1986312239305435	0.131509603379	0.215401700129
segway_nar_HEPG2	Repr2	0.38887535323356337	0.614430069865653	0.5860427167459961	0.312323188488	1.25144702743	0.5202970145134372	0.179012039968	0.350610321582	0.5509018701977052	0.30926585349465446	0.6027636808729377	0.3749014241248205	0.5933517993562186	0.336136614675481	0.101002010769	0.257243748631
segway_nar_HEPG2	PromP2	4.489921272497981	1.6634727007490215	4.95945036589488	2.9837465037	1.43368339485	3.8049001287153077	0.350298001844	0.237682396757	1.3965256763574783	0.2380515865090781	1.6317148650269961	1.3132936984640664	4.142865387255337	1.1328167574397536	3.50097861731	0.782530426997
segway_nar_HEPG2	Repr1	0.7313978672295494	0.8167011659572004	0.9903361230558153	0.432996750727	1.55914431982	0.9477320007289012	0.272277589525	0.436872686661	0.9284360865051627	0.5706549006659535	0.7951113110078469	0.5544824777231547	0.9073338710125662	0.37337905167778423	0.172956805589	0.72174842139
segway_nar_HEPG2	Tss	4.831772942660445	1.4703955894630016	5.185730456910798	1.72902946031	0.495105942507	6.271245613196258	0.127952182271	0.129047176823	0.4990772572772212	-0.0784525885874964	1.159277653484743	1.5862508621914087	2.6657418141127427	1.4393994431865753	1.76661775911	0.634493689995
segway_nar_HEPG2	EnhPr	1.2386402936537355	0.7896117616355204	0.4824931209812119	1.46140790225	0.603791483643	0.3557774918233117	0.715945647793	0.386704489857	0.8182433579480258	0.5750087080651324	0.9262295040226384	0.8131316160766853	2.405833220660366	0.8773884124922727	1.64846002985	2.35969535771
segway_nar_HEPG2	ElonW	-0.5642151817905161	0.3517594009782311	-0.7193940481168803	0.456259412141	0.150972043728	-0.7020510563264029	1.13928022558	0.423494416573	0.9091584058244567	1.3147226578730824	0.6470015307620968	0.33107110799217215	-0.49634985833523565	0.4704530406051244	0.316418818671	0.296566893091
segway_nar_HEPG2	Repr6	-0.6099433719827253	-0.4130083837502581	-0.7232888872895178	0.544334385232	0.929270168519	-0.7093097897225397	0.201051181873	0.60150816994	-1.2045365939623447	-1.0977194471712302	-0.6474841741849003	-0.3356810322932426	-0.6867778088479018	-0.22849879944789542	0.146722450694	0.215348841362
segway_nar_HEPG2	EnhW	-0.3307986347063264	-0.1972570554251498	-0.479002908911524	0.518429324863	0.383314362695	-0.5395061090027878	0.324373861726	0.504281815701	-1.0369975429313165	-0.7949884283378679	-0.325114578489359	-0.005545485287333997	0.09391903130599094	0.05080199290622369	0.336217326251	0.802125385044
segway_nar_HEPG2	PromP1	3.0709597369994066	1.2278742976865964	3.12408993591254	1.38635723311	1.27719461144	3.1061976703179046	0.234891362401	0.311156237432	1.1359541961098503	0.6782320392760393	1.4300521475329597	0.8363790953537634	2.3939193577772224	0.7899801577084113	0.359263343955	1.86215879333
segway_nar_HEPG2	Quies	-0.9453145797164004	-1.0729771213029267	-1.3972187126654882	0.440227368129	0.210380020729	-1.3342586287578937	0.143124289902	0.582444664438	-2.04935517649738	-1.4093750934230507	-0.9959978266488849	-0.6025044655829167	-1.0859220608515852	-0.6514557281130802	0.105627388147	0.114729467693
segway_nar_HEPG2	Repr3	-0.22892726595023374	0.24286330123996586	0.05560405109411683	0.508734790738	1.25358311188	-0.08808231306185277	0.274512696297	0.564417460409	-0.41899396759509977	-0.6710053494785723	-0.13421459969835917	0.0004618836228956072	-0.12285164025350886	0.0641971500195781	0.184480910117	0.377359311438
segway_nar_HEPG2	Gen5'1	0.05267897489775652	1.5729274733946152	0.33923943204117357	0.494362015876	0.240968569631	0.25485764088088314	1.906074859	0.405454148439	2.19975357622277	1.9427535601291062	1.7236146803953991	1.501387734103403	0.6967543232878413	1.29049810571124	0.920034783177	1.18356516176
segway_nar_HEPG2	Gen5'2	0.03869350856957907	1.5566759348142407	0.29859838756297624	0.338470365384	0.178305646346	0.25656631442522326	1.7514920142	0.31180216134	2.5208167002482638	2.3862525140018693	1.8975914342961457	1.3663268577459715	0.3315312459570625	1.1334046009339012	0.433794710732	0.492688322665
segway_nar_HEPG2	Low4	0.29739041307849995	0.41389043022664684	0.4528239010591097	0.312098659434	0.340426164641	0.6045784940608457	0.223336239771	0.475825034836	0.1920420757977234	0.1677759402581646	0.3663823977895293	0.31470454199993025	0.1969878851310597	0.18366099320767088	0.119524467145	0.23293355873
segway_nar_HEPG2	Low2	-0.5856360946262034	-0.06447189777065933	-0.3063154337708032	0.522398035303	0.46411660554	-0.36135621758107783	0.340188214453	0.694324275037	-0.5784864338107205	-0.752218614462425	-0.45037461101789344	-0.24290769052150696	-0.6010075106021603	-0.19491957202734497	0.20842495255	0.304042267391
segway_nar_HEPG2	Low3	-1.226857812016938	-1.2523594454965565	-1.7756046367843012	0.615706943602	0.252268206814	-1.695630153613094	0.185780384494	0.747534665157	-1.9976081982089717	-1.4718815158318626	-1.2894593333925863	-0.7635347031109794	-1.4487012639630281	-0.7280550966905149	0.145256910326	0.144969133531
segway_nar_HEPG2	Low1	-1.093971036141804	-0.8450328827805289	-1.3922020130826118	0.638653566937	0.31719061431	-1.3344022699715439	0.330435663106	0.716468573506	-1.2101731090313947	-0.8177549701564603	-0.9450144179744718	-0.564905989234147	-1.0810005583685571	-0.4863199092231577	0.223194478502	0.247022493168
segway_nar_HEPG2	Elon	-0.5878578281896951	0.7459809961327174	-0.4131249389141914	0.522468193359	0.184808567644	-0.4686433396291821	1.67163002043	0.443789729848	1.8390815410381103	1.7198773235454607	0.9265234866615144	0.4900347027039479	-0.5586332784777691	0.589712052186633	0.467829341874	0.433138605119
segway_nar_GM12878	PromF	2.1090583899676707	0.7906383685283777	1.8471272984597351	1.53372180472	0.474660694634	1.514663130462378	0.601668591654	0.587731217718	1.0505072833824216	0.7430932063578756	1.0226207170848636	0.5678112013095504	2.8807603301000104	0.7556925127089721	1.37942829156	1.51942217466
segway_nar_GM12878	CtcfO	2.2359475574734358	1.00806956706569	1.5525672742343495	0.673944963248	0.456426866822	2.6243863262210665	0.479892174064	0.47875571338	1.0083509707821845	0.862794476811336	1.1396199004639633	1.2155942034702947	0.9333984819754423	1.0914371576299893	0.523677212508	1.04199085798
segway_nar_GM12878	Enh	1.9344028289831243	0.9122509573522506	1.3451992517507678	1.36550761642	0.333077616519	1.7463665361799374	0.753171870609	0.609555449218	0.49514130253989364	0.29507342716231644	0.8043913484456613	0.960359161816786	1.0352081058923412	0.9060459693029359	2.82604651944	2.25750308825
segway_nar_GM12878	Repr4	-0.4693239295443243	-0.0003623537912404662	-0.18307074013304978	0.649097489731	0.868326754375	-0.24300712052658072	0.413821096361	0.39799539344	-0.4969651504685985	-0.7046468381896748	-0.3572247710416241	-0.31284066515745623	-0.4701071002913737	-0.26331826084348914	0.161127158763	0.277823927539
segway_nar_GM12878	Repr5	-0.7090233263109023	-0.6150451098586909	-0.8586346493847482	0.636976928401	0.947818734027	-0.8544723178782158	0.259302196047	0.522713779287	-1.3172614460215482	-1.0787669018273645	-0.7340184133806048	-0.4510721817286856	-0.7914485659600472	-0.397566216943429	0.188903495335	0.321713601345
segway_nar_GM12878	Repr2	1.225343201620237	0.7710184236686216	1.377237988064344	0.694811075253	1.08052488262	1.3044878584648993	0.537246344987	0.525683974619	0.43631858069265	0.12794707995375987	0.7745454250274894	0.5047380640615159	1.2928118000852107	0.4417013680117886	0.283403892426	1.0191767952
segway_nar_GM12878	Repr3	-0.24279421988220476	0.1267997747628242	0.05355301899083711	0.652388190422	0.993791812417	-0.05183228678714547	0.43932672574	0.482366599839	-0.20820582476555077	-0.5495508434790434	-0.2556854078110544	-0.2455609609698407	-0.23521817442419457	-0.17788321501174106	0.192496582702	0.361029913283
segway_nar_GM12878	Repr1	0.22786263475011362	0.48965117305133243	0.49379540787994713	0.586559737713	1.31452325825	0.3634020933435623	0.567084488398	0.452380872442	0.6139126036811974	0.32602878035407123	0.5301702570532715	0.22134215023544648	0.6437207985833081	0.04004200150478132	0.196424728052	0.451692337398
segway_nar_GM12878	TssF	3.293763012318749	1.47767771010698	2.923934984428196	2.32223151616	0.432876940643	2.2280579899197077	0.661740069514	0.61958159328	1.6893049587065394	1.0774033477678142	1.674668417568925	1.2438250506317485	3.7908793272776777	1.2455878555139472	2.74392799723	1.34118946888
segway_nar_GM12878	Tss	5.006186896090942	1.8511436007630795	5.624452383813401	2.08636328708	0.253130841433	5.729412668390738	0.439352970361	0.439197578648	0.9913234948361921	-0.21054302900486854	1.4690329292602644	1.670417912075434	3.764521626457311	1.5599545889695003	3.05958882746	0.691872197431
segway_nar_GM12878	Ctcf	0.4433580090222277	0.6395279994960458	0.5281586114664928	0.581623978333	0.627515821605	0.5362940865374636	0.492229672271	0.497917535653	0.691344326663768	0.43107300824228345	0.42294954638094223	0.3670893477863253	0.12881246944191405	0.5444978540881502	0.25621788949	0.595392647876
segway_nar_GM12878	EnhF	0.9826162583708727	0.2929442161899635	0.6860839003475454	1.02109906568	0.437688878934	0.8490524239706648	0.566604745363	0.660587235612	-0.06593326788996012	-0.15794873769394535	0.3246630106905199	0.2962285471216362	0.9284803791095291	0.2850509012503346	1.64451996424	2.00487570511
segway_nar_GM12878	ElonW	-0.5857487572478454	0.3508862653045609	-0.66104848286128	0.610883677959	0.257579691719	-0.6694273703135661	0.761114464819	0.540877684332	1.063198076953408	1.270548576409108	0.5426660555537317	0.2877176074421499	-0.869324962405798	0.509184085951215	0.291176318381	0.327030572406
segway_nar_GM12878	Elon1	-0.29359733089313345	1.1589271024491075	-0.0582004699604412	0.612514228144	0.288851865464	-0.062144562503435426	1.45509900569	0.450882438148	2.1293463240946373	2.080880314486821	1.474507458752221	0.8894640523921368	-0.3879651097676327	0.8358624851182459	0.404677031662	0.457804864063
segway_nar_GM12878	EnhWf	0.05723283562299833	0.015702413887638503	-0.1136845542901584	0.806340208374	0.367133186952	-0.19068701588585887	0.491056371716	0.659162742941	-0.20186875247916236	-0.16435797135575705	0.022388727210462346	0.09984037490060985	0.9069469914596602	0.18145287959779108	0.924194665072	1.47190175879
segway_nar_GM12878	Elon2	-0.4362970549770816	0.7797639748864177	-0.14742071269965665	0.661361941572	0.301540709941	-0.2591252352856755	1.19078864564	0.547282065189	1.557973185793172	1.4710255894628264	0.9087294214655018	0.578206185474344	0.002717816530100352	0.5811186515711964	0.491592705771	0.636633402413
segway_nar_GM12878	Quies	-0.9279491699476924	-1.1554992873999743	-1.5032337104270652	0.460896459853	0.265231083601	-1.4113499498882545	0.116586433303	0.431018989958	-2.005802094387492	-1.28748918274683	-0.9862423381220833	-0.5447107867457414	-1.0947134744706435	-0.6490910351726936	0.125835411526	0.227759690907
segway_nar_GM12878	Gen5'	0.3199920891019013	1.3876446273299734	0.5273429965295167	0.829610496889	0.317453720886	0.45537844734519384	1.42677154684	0.570954800954	1.8437081437000953	1.6635305748247737	1.576581770630188	1.2798486221286882	1.1283252309941574	1.0903548862109207	1.10793418809	1.51237916313
segway_nar_GM12878	Low6	0.11888499696767382	0.2661341998926521	0.10803341854529772	0.457893068039	0.442066030479	0.16324873368891166	0.285210976055	0.353980600374	0.08585859292663629	0.16534444285237931	0.2899564027071012	0.26524004360002473	0.17581540361734	0.3399752807464823	0.130473547523	0.228527676747
segway_nar_GM12878	Low4	0.4826863960897422	1.1456723804178897	0.6510533555738571	0.486781659274	0.356730353826	0.8414456775928624	0.510884091366	0.299014769501	1.1686855027806868	1.241072809081941	1.2710739483655578	1.2204307582421823	0.6497193285742858	1.042792167828802	0.212160240765	0.328343387029
segway_nar_GM12878	Low5	-0.9228876011022784	-0.9337136926904273	-1.3282141406241694	0.62178355053	0.445730286193	-1.1867879012567024	0.220118197636	0.520437853836	-1.55461382682757	-1.2239992251862004	-1.0343734183933362	-0.6182030949377634	-1.1156321048333198	-0.5632950549583833	0.16995752105	0.295163527306
segway_nar_GM12878	Low2	-0.42406440005700297	-0.1407893528314944	-0.4479118408248955	0.675059361363	0.411747427738	-0.46567023099147564	0.413734510748	0.590175691965	-0.5993763543176446	-0.530533666410408	-0.36206844253088866	-0.13366831187554956	-0.13954147673851489	0.004167138295255123	0.378785677437	0.764812259136
segway_nar_GM12878	Low3	-0.45571823145991275	-0.1070697424418689	-0.40409661338611225	0.633337351914	0.482370780791	-0.4366556098137575	0.403337311787	0.529244660933	-0.7627205033688899	-0.6676885990053956	-0.30619994207776957	-0.11449842027871875	-0.28587713965712813	-0.13448601638762336	0.342806975492	0.690831296129
segway_nar_GM12878	Low1	-1.017014727076128	-1.0398925218063384	-1.5136778849766295	0.61097547019	0.366860310256	-1.4256102223234566	0.196995461011	0.414257695308	-1.749128823653658	-1.3247827272824488	-1.1125740278090697	-0.6383314032766129	-1.2589488117137777	-0.5584610952599144	0.138315446324	0.231765977282
segway_nar_GM12878	Gen3'	0.5878195339316526	2.175198775192477	0.8871601357083934	0.505034063953	0.26693303843	0.9157000831519629	1.65712815227	0.350848562526	2.9145303781747147	2.7030546724985673	2.454454011424734	2.1179190684781153	0.6094883904201425	1.7182421877292404	0.414834175602	0.564635339294
roadmap15	13_ReprPC	1.6391495563978906	1.174574813815979	1.5008769346771345	0.577923043328	1.76732648149	1.4685082973331995	0.369474081439	0.535578133286	0.8206547777063092	0.5741777514679453	1.367972609201347	1.1004257520692389	1.841585201758323	1.1461351786579956	0.419037218861	0.78933391112
roadmap15	6_EnhG	0.1831099025680439	1.6688383999932226	0.2717286520015722	0.657692066926	0.399528718211	0.20451382702221504	1.4456495319	0.498244182519	2.2382895536509166	2.1025892080126205	1.942089587191717	1.4729780030186206	1.0498049865864238	1.5128716339970114	1.07446377548	1.39198484306
roadmap15	12_EnhBiv	2.250771861888757	1.4366549590982063	2.0742722642016136	1.06519452952	2.14066141725	2.0310845756803	0.448811892309	0.557905095503	1.1466091558367075	0.7801328681859434	1.8185881640712926	1.2639440700210127	2.370277149516354	1.2511252565071356	0.584786359634	1.63076056715
roadmap15	3_TxFlnk	1.4903758430566363	2.3422815970967967	1.5619779001489325	1.64971831986	0.440617029137	1.4200847531921343	1.45122264944	0.598721396195	2.728601780624228	2.488482601907203	2.3728952325621213	2.1218738437163207	2.470502619183562	2.2127577262706306	1.86918439879	1.74022083382
roadmap15	7_Enh	0.4887137982200199	0.3482233381205489	0.35796955230227473	0.692280181661	0.58222942026	0.3899299195255357	0.575340785242	0.525085084543	-0.019977294294292597	-0.1369751876348499	0.39878581729268847	0.36913410666904184	0.9321904032136885	0.3336873748836587	0.84663010913	1.30945152517
roadmap15	1_TssA	4.457711206333838	1.3591669449590884	4.722028684222069	2.54858314896	0.596897784378	4.743967794223235	0.393493346968	0.397713337829	0.9909846973346325	0.01271370729606858	1.3472943717504653	1.1560736165132852	3.844887854384469	1.1898737988659738	2.06508082865	1.12420080921
roadmap15	4_Tx	0.010866246353720703	1.6919288671310921	0.06338313757247038	0.474431701732	0.304576642567	0.060875902409423616	1.64240282677	0.451727950328	2.9054050198765498	2.882688905065612	2.1633265874136587	1.4019202459042894	-0.21365613428305263	1.469989831444175	0.553829691986	0.547382522947
roadmap15	10_TssBiv	4.280008370928856	1.5570911769969125	4.552188303917949	2.30964280837	1.79271295756	4.6086216279129495	0.256560243552	0.366788837387	1.0237381366248748	0.22118755076441945	1.801345735609882	0.8806915254075953	3.265529570608645	0.9850240268443193	0.69128727044	1.27807275296
roadmap15	14_ReprPCWk	0.16402152510116572	0.2798120400963816	0.11596841568447755	0.492540732071	1.04055801052	0.11434321777153926	0.318874410849	0.467697304874	0.02988325169436167	0.01700957086351594	0.3247009629951071	0.3239198310013545	0.3790074982945939	0.31274341653905785	0.290402055091	0.458654849888
roadmap15	2_TssAFlnk	2.8701332881920743	1.2002585387214026	2.180822594064476	1.62942592563	0.630923259585	2.1100383270885077	0.61501777405	0.532784263203	1.0961531417170352	0.6101994548756923	1.2880425459548226	1.0752383236143628	2.820031340919881	1.1256888392371656	1.95633387434	1.86055169268
roadmap15	15_Quies	-0.7018295303505043	-0.5165461009193079	-0.7256390124390563	0.416686496025	0.390732735849	-0.7271981381010828	0.282583132979	0.500076276158	-1.042623628985103	-1.0517324340979575	-0.7189933464642221	-0.4806900138378744	-0.7952318107296199	-0.4897895735943387	0.231179125455	0.26822821834
roadmap15	8_ZNF/Rpts	0.5680650085736099	1.3237080744829226	0.6728160104875699	0.712736847147	0.396955351681	0.6376196577675058	1.16039223548	1.52052346978	0.7538186092368093	0.49848847801997176	1.2525193275000885	0.8698112705315308	0.5123295039935907	0.9382751642351306	0.561176201703	0.586589617034
roadmap15	9_Het	0.11888667789776669	0.29965812916219015	0.18310741889098778	0.550036613503	0.531362689925	0.17497864272829178	0.376893538751	1.1662993539	-1.051493518811316	-1.1476654155216948	-0.1573643797096336	0.21966971772503852	-0.2124298182500401	0.2700189966923313	0.260089936402	0.2890838205
roadmap15	5_TxWk	-0.18743069922729294	0.5875757062906236	-0.2784964893142928	0.48245086401	0.338579528341	-0.2749216316725179	0.821247444161	0.437780188236	1.056340421570152	1.2240053032170612	0.7568659040547888	0.7239984307530346	0.4846794924877513	0.7023973453580863	0.460673091536	0.586670913205
roadmap15	11_BivFlnk	3.714894080874757	1.9559509547186402	3.8196061548477953	2.18337823217	2.23744823488	3.5545634625439186	0.348239050612	0.468817324191	1.5918300449535774	0.8548541569389113	2.2379771488857294	1.2377823931313723	3.317892070344256	1.3928102047001585	0.722207939623	1.69588051626
segway_nar_H1-HESC	PromF	1.0213468347312409	0.46631217192568514	0.5591998102445388	1.34549499665	0.591852788402	0.36085597650869417	0.700177760235	0.602166753059	0.2883014209670361	-0.10492789178544273	0.3466105037070223	0.287535122166248	1.653687556021799	0.4153848090725269	1.1383112666	1.70980595164
segway_nar_H1-HESC	CtcfO	1.603386417029169	1.1363661441103223	1.3238460260847413	0.589939317258	0.531057054508	2.0796787662198866	0.464939593801	0.449817692348	1.34926449114562	0.9519011870355226	0.9467246245669871	0.9801147003974277	0.6276276803910168	0.8565229074324958	0.634029599794	0.885525178333
segway_nar_H1-HESC	PromP	3.348129517974656	1.7433900947579855	3.4366043277617053	2.47751500526	2.61733078943	3.224720220245022	0.287902280082	0.415980140215	1.4695829654122938	0.9612381413953921	2.085621033549898	1.2838550494171301	3.0657915272181966	1.2613418840378907	0.488452963827	1.5201049982
segway_nar_H1-HESC	TssF	3.784307865275076	1.6181066431695696	3.635537969881577	3.29331956201	0.629537299376	2.645376374199932	0.505631070747	0.481528234068	1.5347143934867393	0.6647257326316311	1.5907756236149797	1.2857235353405172	3.8328507685382633	1.3961450621499092	1.73152739472	1.37629220572
segway_nar_H1-HESC	ElonW3	-0.22823800818354711	-0.020154830046640367	-0.34573571771278816	0.237156207526	0.248242911973	-0.3015331915878245	0.337062217479	0.451725868363	-1.6650013286643415	-0.16391140287306669	0.25128726966580145	0.5430492609696054	0.11350925952252747	0.04003797936501046	0.352939451941	0.211644100959
segway_nar_H1-HESC	Tss	4.760481432889105	1.472242504885227	5.278363358706335	2.99839683473	0.455870837899	5.582162356352309	0.221256359703	0.237007103732	1.101544052515738	0.4630811929279401	1.5468013923861963	1.4194805896068414	3.330590958737095	1.1353839766349976	1.4468625519	0.785940779594
segway_nar_H1-HESC	ElonW1	-0.797029456812743	-0.10330669235966536	-0.8779476019267818	0.415310176445	0.405663769992	-0.884011038213177	1.11648389108	0.72752987396	0.27464993118386954	0.4049449292674858	-0.12657716259697233	-0.17181606607057723	-0.7998339165722758	0.08075570321349261	0.624199596731	0.411686721378
segway_nar_H1-HESC	EnhPr	1.4530615789359111	1.123743479806289	1.2745134626633248	0.962145767479	0.736619084877	1.4120040484670868	0.597752895111	0.540990974141	1.3269857919477888	0.9885943980967491	1.3485231055382727	1.0960987635660164	1.6070498670011761	0.771322044460735	1.07301046534	1.72578640156
segway_nar_H1-HESC	Repr	1.529537366059339	1.5575575435642344	1.1159239596778674	0.869147728743	3.46401933129	1.0490399815017504	0.470006570388	0.691470773395	0.912000524482498	0.7087163388919248	1.7487556400252635	1.5832421384731148	2.219610028844866	1.557362421386999	0.490045126418	1.15944974694
segway_nar_H1-HESC	ElonW2	-0.9098097219745857	-0.474203520002632	-1.3412674280605668	0.370587766667	0.313756600202	-1.2729120400125498	1.01191915948	0.634424543041	-0.32108661656997195	0.24638078300484914	-0.2507405969089519	-0.2529342503666359	-0.9823982080701312	-0.036981640709072686	0.397736029799	0.268028294942
segway_nar_H1-HESC	Faire	-0.5735060640195513	0.1918674445984748	-0.146337577249862	0.394066892434	0.523508712284	-0.27388461242029627	0.906732787397	0.758902869001	0.0773092136313866	-0.15282754846266067	-0.20530455819690963	-0.2574523469555248	-0.4347980364409091	-0.17837976103348496	0.949294252996	0.556904564002
segway_nar_H1-HESC	DnaseD	0.9469449265891615	1.2186551354861548	0.9838460420804571	0.308172226233	0.563052263051	1.1923921655276437	0.424303562525	0.449270955049	1.8009898385566867	1.7457837758384904	1.465647210395469	1.0482209476448925	1.1700133634844168	0.9235669696729424	0.628811037386	0.62049582381
segway_nar_H1-HESC	Quies	-0.6255406719519953	-0.8469963350705083	-1.1386279125507617	0.206475619585	0.166010193547	-1.062938213295098	0.167680962006	0.360969839303	-1.6139621517940492	-0.9401708316471015	-0.585387457004339	-0.3029698088486508	-0.6756289672896301	-0.4412405811128537	0.161446989603	0.119297098314
segway_nar_H1-HESC	EnhWf2	-0.4525773689842995	0.17458799318557217	0.06418926482793176	0.555083077287	0.60780068962	-0.14789728034243782	0.793150158703	0.729774052434	-0.03671540795118997	-0.5079050762264413	-0.2910290436684307	-0.26993843497867454	-0.06232516526004202	-0.3083375067295492	0.999839366846	1.27424391049
segway_nar_H1-HESC	EnhWf3	-0.7264439803041746	-0.65333073801482	-1.0163307062553846	0.527974723295	0.378962358552	-1.040543296275881	0.489598657678	0.647555663187	-1.2411089872825787	-1.0170706309374078	-0.75205577177378	-0.5341451094289978	-0.4761955767617835	-0.38549995115627	0.644879718084	1.12396236016
segway_nar_H1-HESC	Low6	-0.40266020873569586	-0.22649871873340255	-0.34294732401599537	0.296944002551	0.369207782177	-0.2995097456928805	0.324392137958	0.605517050525	-0.8751610121595284	-0.6648671865507098	-0.23554409019596545	-0.19354502223623338	-0.30283978304659803	-0.39150669505992064	0.469775838151	0.305067910211
segway_nar_H1-HESC	Low7	-0.9749403398838845	-0.9983871222462453	-1.5202811709170003	0.385549377636	0.368452023764	-1.4385520319418583	0.279107467555	0.643495098996	-1.5904277614551714	-1.119762613861451	-1.0113806883963632	-0.5713538859065961	-1.0368636679357828	-0.49878921593632647	0.516602975871	0.287070140014
segway_nar_H1-HESC	Low4	-0.22264559235303508	0.2076550561780753	-0.1108304223824766	0.388496541711	1.48808983939	-0.1730824355417376	0.463811055695	0.714680926229	-0.659749664792914	-0.7146773432930399	-0.01563071863087736	0.10556890303074337	0.1054559981705707	0.21021853936198642	0.53726221112	0.49968946348
segway_nar_H1-HESC	Low5	-0.03159168134702063	0.19720392149552762	-0.17086745655396732	0.363317760013	0.447065320164	-0.06865359478261779	0.462701855041	0.676939518822	-0.3956192644168336	-0.13849346064455495	0.07913996744038734	0.28464163028257505	0.04305464843151771	0.41697706020015235	0.504070225817	0.375232498266
segway_nar_H1-HESC	Low2	-0.6992164537748552	-0.1796144162314263	-0.41671666196583806	0.387217973037	0.442174677953	-0.48574158054588035	0.348052980653	0.736488856728	-0.8449357817797801	-0.9473570013608866	-0.6269584845212954	-0.43688210808567834	-0.6535098006069697	-0.33222131368449964	0.831743282256	0.445956079375
segway_nar_H1-HESC	Low3	-0.10137790910831249	0.6594456208072614	0.32824066358193205	0.375314860469	0.731358663615	0.26786710997506646	0.704591951953	0.729076522797	0.7323897922090938	0.41056708855358864	0.40727667810191165	0.2981270326741597	0.215748870538945	0.2652501237995689	0.805638296615	0.520629834841
segway_nar_H1-HESC	Low1	-1.0112358481908055	-1.1508795450437506	-1.7599125649947516	0.364941855289	0.312336108618	-1.5828466720690255	0.342854828314	0.600722583614	-1.7937727637372631	-1.0796335341796388	-0.9820511151602602	-0.5442032753852231	-1.1012002406853443	-0.5257116328154904	0.321029931484	0.244926844508
segway_nar_H1-HESC	Elon	-0.21070585525499028	1.4467156145736864	0.1542966208399201	0.405265796103	0.420543626832	0.08132191477125701	1.78229939306	0.710409577946	2.5693621792389156	2.217651160597812	1.5898858357925314	1.091338131774132	-0.1396777524420063	1.141303600107543	0.862640220594	0.532431619649
segway_nar_H1-HESC	Gen3'	0.24991725827160774	1.9851976024061464	0.5503104419494544	0.37776632507	0.449995114655	0.4497935440689038	1.51097932545	0.614423524271	2.9237345792380007	2.698648666323764	2.3043301438656214	1.8486361741460093	0.7749406469855772	1.5858843969489604	0.978171211292	0.719625236075
segway_nar_H1-HESC	EnhWf1	0.22543260229073186	0.4346475306133721	0.4836637188074417	0.532217736047	0.799900183788	0.38446915786611086	0.544502941906	0.645959630607	0.4706165860502845	0.03852945611208198	0.35690118937644166	0.193451613124941	0.587730573927736	0.13963950240970885	0.878671562269	1.32218084636
segway_nar_HUVEC	EnhF1	0.1804128094439824	0.3680709387409682	-0.04128374695835392	0.666251911538	0.568097881983	-0.24265467753018924	0.724333833922	0.436023883302	0.3647300600697843	0.3030846854038148	0.5189090793173602	0.38645566435616413	0.6900805446461646	0.32390580002472047	0.809444787917	1.14321087974
segway_nar_HUVEC	EnhF2	2.665982077662032	0.6118163315189915	1.6909233146095268	0.741810826425	0.60292448442	3.426978622895346	0.533317309932	0.425999604644	0.19892711373548774	0.05256097442649514	0.4687451099362545	0.7182677450965879	0.7483592950039433	0.5070411711610765	0.752080036922	1.05509634017
segway_nar_HUVEC	CtcfO	1.2005652387869168	0.9163949915418663	0.8641789298974958	0.536810347897	0.49151166224	1.390344680317003	0.440116700214	0.389302483962	0.9588635659408011	0.8255291728491592	0.8120517168415808	0.8998493206888611	0.4081272973420315	0.875449093473921	0.375931768458	0.835520224871
segway_nar_HUVEC	PromF	3.4819457205937034	1.4142503432057847	2.9979619114803864	1.9176596766	1.01478690011	2.866939580580903	0.474057498429	0.321072948159	1.489204192954235	0.9932111590835088	1.6085665418873552	1.1171502398167015	3.4557903647385286	1.326714628096993	1.47463739155	1.32803158667
segway_nar_HUVEC	Enh	1.8580922046034858	0.7337981019458008	1.1182462978691865	0.918168386685	0.718172675517	1.1061557397352548	0.655062174393	0.415327587607	0.22619745391247537	-0.09238952469401224	0.6378500232097568	0.716106755472964	1.3319236259776446	0.8968500754056349	1.22891192119	1.42150941387
segway_nar_HUVEC	Repr7	-0.591364254919839	-0.5504000199241594	-0.7685902341954755	0.496158194212	0.557275455311	-0.6806471758986588	0.212871752476	0.583841262809	-1.2260299647425064	-1.0098089811876463	-0.613277349704856	-0.34602798880861135	-0.6649426228574609	-0.28385817413103864	0.17406481838	0.265278691768
segway_nar_HUVEC	Repr4	-0.11988187751133048	0.31098434492722343	0.1891497556054424	0.515199159113	1.00357471552	0.0559504808594697	0.289708208	0.496000245029	-0.3090887432237794	-0.6152008099013674	-0.01567978205464941	0.05210449660956262	0.05700111427771218	0.045518871402877054	0.250744024966	0.511265611103
segway_nar_HUVEC	Repr5	-0.5802714120532736	-0.41312418528908373	-0.7292209798563521	0.555575700873	0.655009997024	-0.7312593138465181	0.258778162772	0.570093608687	-1.0531454972179715	-0.9819023299474849	-0.5779888253029182	-0.280084555960301	-0.5625509865388681	-0.2596829578541713	0.218848272129	0.361035413422
segway_nar_HUVEC	Repr2	3.118978992074138	1.4414347255802682	3.1913720699505164	0.845888861512	0.973800891044	3.1495680574931266	0.184649426216	0.266741166677	0.9745165001590713	0.5099106731158272	1.491785382186274	0.9406669328080319	2.4499527495686366	1.0506258285545274	0.351377737101	0.831757028695
segway_nar_HUVEC	Repr3	0.18341914067558004	0.4151473465436504	0.3069077878268623	0.480687427746	0.992786744583	0.3486429731984436	0.290152867416	0.455548320301	0.26287565088599313	0.16936511412067035	0.3858463112398694	0.32289215238777363	0.374772042173243	0.30281989480242866	0.252097711405	0.570160991183
segway_nar_HUVEC	Repr1	1.2440848574977867	1.001039303956106	1.2380520941338495	0.553974276313	1.37592556661	1.0835805562229757	0.300916643195	0.425010641521	0.4205599606889808	0.09994031926540034	1.0434140228146787	0.864579616596547	1.5571714071041258	0.7786023736736939	0.289365645154	0.737309438605
segway_nar_HUVEC	EnhW2	-0.1986028428736647	-0.15347231446427775	-0.36769160627216446	0.60194386612	0.541714985428	-0.4224741352699277	0.440902488165	0.487031123645	-0.4681291925378247	-0.45044191045339493	-0.16989928176382627	-0.04512743419157184	0.42939198052676014	-0.03469371039691221	0.429458342508	0.731701842862
segway_nar_HUVEC	EnhW1	0.32908227645792903	0.03666706468234342	-0.1081503109978913	0.700358555131	0.568773542914	-0.12477077835212277	0.523099328892	0.446024715447	-0.2106163644234384	-0.18817665976658898	0.08364876696304653	0.15887730165477498	1.0014419605848897	0.22132289321331539	0.613343352867	0.985919341327
segway_nar_HUVEC	Tss	4.6334606405600525	1.6156837321469855	5.152554415066236	2.67166596141	1.29854294317	4.995696145502964	0.324708542946	0.252420729416	1.1847482165025458	-0.00086806686828656	1.5423825034038132	1.3268823436862165	4.016912204849418	1.2809892644584053	2.68201364353	0.679447741468
segway_nar_HUVEC	ElonW	-0.6512155462796091	0.02049018754161258	-0.5904551020991843	0.560026120106	0.327819853454	-0.620718396740126	0.848358524995	0.483841565686	0.04316424289340068	0.17284861621638395	-0.22682358174151304	0.12329559815587296	0.05794371387248802	0.17056104198365837	0.476087845592	0.630520023879
segway_nar_HUVEC	Repr6	-0.4736492144792823	0.10655891184934728	-0.0535155222079729	0.502042629241	0.731153280769	-0.18968412152829345	0.33895787151	0.629314356909	-0.45193073941836653	-0.7423848327466142	-0.3174116672896196	-0.22306339419648866	-0.3686756355778617	-0.24564287658360798	0.265822868448	0.46514969917
segway_nar_HUVEC	Elon1	-0.2694104210457815	1.34731293121138	0.027723746478734542	0.464691679175	0.261627527246	-0.048535519991432796	1.79096183193	0.398572578821	2.498989635752466	2.25897941012101	1.6083826793173237	1.0552909907573405	-0.30661277359960715	0.9124430513061671	0.520491057825	0.540094893526
segway_nar_HUVEC	Elon2	-0.5378742679569337	0.45227290008530446	-0.5432914860227878	0.448716417	0.281207741044	-0.5587731130494632	0.867517373292	0.457457997175	1.0319505490245893	1.340227468384775	0.7336329204004504	0.424753605825648	-0.4598241472060202	0.5615799773256479	0.305816732603	0.342747369456
segway_nar_HUVEC	Faire	-1.1111995341895808	-0.9668411320625633	-1.422954193152004	0.611579594607	0.379487115314	-1.442801781028313	0.275902245695	0.679340575885	-1.40972696710367	-1.1277421666438752	-1.0279924427060798	-0.5783264267364904	-1.1100107847994076	-0.5866538151918561	0.213278613018	0.260600547982
segway_nar_HUVEC	Quies	-0.6542353443300517	-0.8219451048127763	-1.0479355086568398	0.428745169625	0.257215961239	-0.9633716981990603	0.145204255727	0.516097512834	-1.5597171609799505	-1.1236730966229738	-0.7298209948277713	-0.44047640977883196	-0.8270348877449615	-0.5183634027771008	0.113867883435	0.120403040136
segway_nar_HUVEC	Gen5'	-0.09080154372778515	1.2205180438002312	0.15679628385873642	0.571104520554	0.365587810906	0.09164292972612524	1.3777525337	0.398796592128	1.7728185650217854	1.588270749108314	1.3342649246695504	1.1330431180705516	0.9587332962274084	1.0374196376484752	0.766653540545	1.06997834431
segway_nar_HUVEC	Low2	-1.0041407900952093	-0.9351183429165595	-1.331486003784648	0.585617530918	0.413466147796	-1.2550014414370627	0.29613098982	0.704090439762	-1.6238368271524521	-1.2286017078689915	-1.0436146264837038	-0.6632930754276073	-0.9811459079308623	-0.6053585878234877	0.213688762465	0.256302799855
segway_nar_HUVEC	Low3	-0.1468456956781142	0.06740879600431669	-0.1411431912846512	0.507296195924	0.672154512857	-0.06783944399801542	0.295725752415	0.608088208364	0.0011150274865409516	-0.017853976011298497	0.020755694344849904	0.04623938953918401	-0.14710563549075464	0.14587469994597244	0.224889359528	0.375269090642
segway_nar_HUVEC	Low1	-0.7474259921750904	-0.5169410408106271	-0.7202730698209452	0.502731131651	0.516497289289	-0.6778386930218413	0.267621781655	0.736709709339	-1.2610180112061362	-1.1638108308439958	-0.7579795662178077	-0.544534717932332	-0.8605536668570062	-0.5185721143865881	0.190884866935	0.259895139796
segway_nar_HUVEC	Gen3'	-0.0024705125499200798	1.6023231548308121	0.15295974652462	0.375724340668	0.280487416104	0.11194031573654106	1.46680247199	0.329066038853	2.564210052748129	2.560572180493027	2.01667231885492	1.3827868295637666	0.2619268504842295	1.2911490631756362	0.445971442568	0.523960797095
chromhmm_nar	PromF	1.4241644149190278	0.6138739836236445	1.0222230485059338	1.19146971754	0.573155281301	0.89351870425957	0.49634010417	0.498401583586	0.369122954035493	0.030821441350111053	0.5932071514891121	0.5339985352134609	2.3698129665051937	0.6042412212506786	0.744645986111	1.49093383387
chromhmm_nar	CtcfO	1.0193719695513528	1.1062622732348568	0.8591451370043998	0.535560876985	0.539141410496	1.090942023382813	0.544100570091	0.487732467233	1.339997561008032	1.1988377795925047	1.0908388900053452	1.08852535933634	0.49889632586149907	1.045444342452715	0.520478361749	0.976261095099
chromhmm_nar	Enh	0.8227832809246286	0.6382337648585318	0.5599711640407965	0.937406854179	0.445047579502	0.6774837987035023	0.679079585202	0.490274828629	0.2768512630266101	0.22824547923153127	0.604835057765348	0.668683937102953	0.7052777968667718	0.6549457617057768	1.89666066871	1.78137592992
chromhmm_nar	Low	-0.2688147295889132	0.09741967767549382	-0.34494794523522854	0.449356576895	0.439432658423	-0.3657395208166371	0.480471983324	0.523871457982	-0.15929577327603114	-0.07836362874193145	0.020701384864570502	0.21774130553858934	0.03830813177912374	0.20425846296822198	0.400301350435	0.479538903811
chromhmm_nar	PromP	3.8856265813600506	1.5788928866518148	3.8590916467641323	2.04493268833	1.49169477247	3.9320856066018885	0.317405482852	0.391157281391	1.3736790426025036	0.8714340185949004	1.8493882328160969	1.149701852619459	3.0504691400269808	1.2353394742418382	0.670432233964	1.6752526918
chromhmm_nar	TssF	2.0615067352068057	1.344916638628097	1.4326994630520038	2.02940562697	0.570990986421	1.1510035861961285	0.782616599072	0.488158733457	1.600655942417301	1.2191415184434546	1.5283261328546174	1.303926688664086	3.3117563712460565	1.3788514707520334	1.99654340468	1.70955381983
chromhmm_nar	Tss	4.709424085594827	1.6589121393809079	4.920652276990191	2.65322993183	0.69183636185	4.944342497804158	0.38703634562	0.357975765832	1.1711020845797953	0.26131889878614145	1.599316658769402	1.4725438359911305	3.8466983419615675	1.4753156051761025	2.72765760692	1.21299180668
chromhmm_nar	Ctcf	0.31280315754535176	0.5903289815510671	0.45708905361519486	0.505144652849	0.621041042904	0.45532338871689515	0.433169269592	0.550192391483	0.3253422336436542	0.1650495531448365	0.30804435878438313	0.2806048315227451	0.05919846456989123	0.56839183990521	0.378788228469	0.6016769067
chromhmm_nar	EnhF	-0.024623531710299084	0.1058450926991714	-0.17225601725220563	0.750906149571	0.391509250835	-0.2162662925515301	0.619210895815	0.553982619759	-0.35001482293538183	-0.2891709669198021	0.09881829507454026	0.16134196457226485	0.4181224292079863	0.1861545850161355	1.60973796222	1.67816931835
chromhmm_nar	Pol2	0.589733866388971	1.440095663428692	0.7177728932934552	0.399116560915	0.352775936937	0.7705685091875394	0.682270166588	0.460727681931	0.7083949264854816	0.9704183112771889	1.3870309371840335	1.7949165763171524	0.9591778204950077	1.633144582456539	0.509721656908	0.578531364311
chromhmm_nar	ElonW	-0.42241728967704706	0.5659451679235107	-0.7004627742432824	0.49319164516	0.214599015207	-0.6392559572419981	0.991970226084	0.438559618809	1.339613819740012	1.7404863475796044	0.9380246308249143	0.7138000416743668	-0.18852827424674096	0.8290299209690529	0.39830318771	0.408524664241
chromhmm_nar	Repr	0.4038817864131926	0.6322181724409732	0.5699039328332433	0.486765118643	1.54747190956	0.4757657302426468	0.318309864806	0.481440098973	0.27170156439875853	0.03079157071755075	0.5410204458829321	0.4130370288251975	0.6557013882136301	0.4387226589756571	0.275126425996	0.48491469308
chromhmm_nar	EnhW	0.9816933348573671	0.6268883521486069	0.8867150101445301	0.809828057734	0.57384291961	1.018213265405516	0.495818808245	0.500230069642	0.46730677276665206	0.37405110610913966	0.7457265988001608	0.6882150064281408	0.9983737878685184	0.6301466030198418	0.871126178666	1.78506283018
chromhmm_nar	DnaseD	1.1048693713327296	1.2689079374398378	1.1913789790902154	0.407312561547	0.749209809112	1.2394829328663979	0.50505875659	0.475862295243	1.829980379448534	1.7939393587708585	1.5362807167913777	1.0929645463740956	1.3322900575508407	1.1778218617358693	0.535556046019	0.812794899047
chromhmm_nar	Quies	-0.9753006001717758	-0.8057620592131661	-0.990300071152213	0.427821664422	0.36306966865	-0.9950259005215112	0.244396421437	0.538006489769	-1.4225974286427905	-1.4406258559683818	-1.0570247294461168	-0.782236523803531	-1.1735028329569075	-0.7906267786117123	0.190517839003	0.203445793865
chromhmm_nar	Gen5'	0.1885463463412398	1.4269826895661555	0.2586246156593068	0.647823908362	0.331076968159	0.23066835315572748	1.40330101254	0.477292383246	1.8573456994245603	1.763356029037792	1.6651649487520044	1.2940128349409146	1.254145974071039	1.2770945400111196	1.08114272304	1.65108692493
chromhmm_nar	DnaseU	0.43031801811165066	0.1874858215138645	0.5017799167304409	0.554539791524	0.491435975278	0.6799836572385165	0.477412657914	0.593998736159	-0.27761807891159795	-0.35878230400390415	-0.03505434078621784	-0.020649289113594173	0.10397152092755269	-0.009026803216398965	0.600060326331	0.84347487783
chromhmm_nar	FaireW	0.049044340478088394	0.117870114315922	0.12293657517238857	0.458671188527	0.419712420636	0.06574015125607688	0.454723152202	0.58030530069	-0.34056223594275387	-0.25306589891139736	0.011793044417198398	0.07614596546500742	0.22689437383829833	0.07405091272154007	0.569531511558	0.544308100503
chromhmm_nar	EnhWF	0.0924496609233475	0.19334269702048493	0.10209925645192956	0.620311834938	0.499725132623	0.09132217301428809	0.529414396384	0.515885771976	-0.06775769538947839	-0.165595090945606	0.22653104608967597	0.1651396303450662	0.6222014560900787	0.13138264457881668	0.700637963783	1.55279212198
chromhmm_nar	Art	1.5174144684080249	1.8373723084987137	1.4246631937398293	0.59729910136	0.616073043626	1.47934468218653	0.880521602603	0.627661921313	1.6143526548855427	1.5534888093839687	1.7851607239149483	1.9256239204488736	1.2950164578852421	1.8494592048656748	0.686010306562	0.918785466517
chromhmm_nar	H4K20	-0.6362203777742865	-0.2926899868896274	-0.5769058941742584	0.536940665217	0.383810420397	-0.6398073143995392	0.847510154748	0.484513379656	-0.8287212048606439	-0.8144488778716841	-0.6986263752391375	-0.405730891665246	0.8053312774858533	-0.4587418304214913	0.629797710609	0.864711846854
chromhmm_nar	ReprW	-0.029495372475244575	0.09628867753250195	-0.17552055018705487	0.490481952725	0.923959647713	-0.16353863157018922	0.273814950058	0.440066722551	-0.33053207253133615	-0.22797476399041283	0.12136794328345954	0.2741061249604348	0.13358271634824717	0.2481584230023718	0.207705108518	0.348061290275
chromhmm_nar	Elon	-0.3114244144475388	1.1275270270657305	-0.15094451568390885	0.48813983707	0.248558895229	-0.18807198151343485	1.69373131576	0.454540223226	2.515205354467648	2.4275589232879247	1.54616430374819	0.6611852386823394	-0.41393674861552626	0.7451522039984084	0.481751292959	0.460205344204
chromhmm_nar	Gen3'	0.3305414214546048	2.1495633342095983	0.4938424513819749	0.458142667366	0.295359193264	0.4532952435573202	1.81076904927	0.446275002574	2.831820457797257	2.845525394823724	2.4959141977450554	2.053973057472566	0.3800954852885112	1.9905539500661986	0.590159915601	0.615487841528
chromhmm_nar	ReprD	1.7307539438614763	1.240006096290812	1.7457571725187628	0.584474295382	1.95479726539	1.7018241119651043	0.316512866729	0.480051574978	1.2982029794917114	1.0672989852637458	1.480351405115162	0.9779751296619783	1.8482261773706326	1.0533249295181721	0.346749750403	1.07912379256
chromhmm9	13_Heterochrom/lo	-0.6751358931216759	-0.4664544626195244	-0.7000637521629322	0.478457316984	0.484697190933	-0.7061152290689793	0.295925832541	0.591365497528	-0.9913772661073604	-1.0002654103718411	-0.6439274785192257	-0.42794901776262817	-0.7520681317901349	-0.43897397856527853	0.233092179338	0.28134778793
chromhmm9	2_Weak_Promoter	3.481392492013473	1.3461398157218782	3.289465741094194	1.80624041712	0.72310265481	3.519192322787605	0.494546373397	0.40924886378	1.279073672374202	0.7739620385222471	1.4364391776718068	1.0431244272783597	3.1293145021657494	1.120506629812843	1.10968505606	1.5141222334
chromhmm9	7_Weak_Enhancer	0.029005335920041037	0.17563653993176329	-0.010000753048921533	0.575712416524	0.552687105894	-0.01389219931495795	0.535397590538	0.507987063349	-0.19628107885560606	-0.2300338865343939	0.20475448233887802	0.23265817452348975	0.5157052064428722	0.20143877132349647	0.638872480959	1.103318088
chromhmm9	15_Repetitive/CNV	0.11049781414537141	-0.2841362194810643	0.009175450658229417	0.442555109665	0.293743414369	0.1400793966668505	0.348531889704	0.782107175548	-1.1934383706937248	-1.1873712084169947	-0.8564335913114678	-0.3508653942668413	-0.6525802184794282	-0.2594560783282643	0.252721551675	0.263983265904
chromhmm9	12_Repressed	0.5682601336201034	0.49974205372777547	0.5232009206933114	0.483820849803	1.23254085486	0.5064953520785307	0.296893649206	0.463637318945	0.16258341855765085	0.07585717081886179	0.5596963255493491	0.5033897721033261	0.7736585515521035	0.5148925728475101	0.29418412916	0.50986574924
chromhmm9	4_Strong_Enhancer	1.9773501788231604	1.019834286091285	1.4475308728427907	1.1903873958	0.60156434603	1.4456522357184205	0.716866304094	0.465852107262	0.7864619114235185	0.49044497748912524	1.032094593370801	0.9890757230991881	1.9970181934798392	0.9996712636921037	1.85298818237	1.66571828089
chromhmm9	5_Strong_Enhancer	0.13740588751852034	0.29405446909288235	-0.03705881711829273	0.631955272976	0.525079984837	0.026370850603767676	0.644543904465	0.505363670963	0.08884172807223108	0.07086255840565756	0.3646662684854881	0.3351457324207682	0.4033531626515949	0.30651001170651987	1.00702075704	1.18178792367
chromhmm9	3_Poised_Promoter	3.4128865385417515	1.6560530860175482	3.5620410929973576	1.45486256313	1.94717374332	3.5360762061143887	0.302058501016	0.447666198579	1.066892249089173	0.5007501496994058	1.7644998701690053	1.1006166054460167	2.7478939835064513	1.219639760606319	0.47878765144	1.52624520899
chromhmm9	8_Insulator	0.676843943887808	0.8434516760245891	0.6652471968375314	0.507918620984	0.619344330766	0.7912484563359935	0.451458974437	0.518144061675	0.6634784312797135	0.49790747186815537	0.6530791973630782	0.6806561945645132	0.23915262602475762	0.7761282458359288	0.431646073731	0.760818139873
chromhmm9	11_Weak_Txn	-0.2966077812324856	0.38079406912997626	-0.3558335910853549	0.462516904113	0.371954579867	-0.36411598842885506	0.701901017796	0.454583630821	0.6277121737685025	0.744321366166236	0.4754992005675339	0.5064717270914322	0.2664114639676473	0.48271889934876583	0.414973433417	0.544148743471
chromhmm9	14_Repetitive/CNV	1.0617616940720538	1.1507464924092856	1.2032382005060696	0.353854459348	0.383730434811	1.2877436430782296	0.248648759092	0.597063425481	-0.6741819826109495	-0.7997572333521387	0.10723503297613073	0.8676367818220408	0.09970494856980189	0.9521280118976064	0.17906498782	0.242756239354
chromhmm9	1_Active_Promoter	4.463154543214133	1.5104334551660643	4.815760975792838	2.7772323952	0.762641603697	4.660995017302387	0.401175283578	0.369065550017	1.1264406677258592	0.042659075771421744	1.4221310409655812	1.1866748639183577	3.9490410739054393	1.2525759150079874	2.63251943653	1.11585318701
chromhmm9	6_Weak_Enhancer	1.777701533947016	0.5812656999822633	1.2842378978515339	0.889336540212	0.608133121778	1.7637844153092044	0.472198540575	0.477876878755	0.2275505947495095	-0.025984286042348197	0.5486710758085084	0.5198334158748339	1.664408707780558	0.5332410178848817	0.716011027863	1.30761100671
chromhmm9	10_Txn_Elongation	-0.2523799770995529	1.2968791003879163	-0.2359210175939231	0.477111170239	0.267518754568	-0.23773285592931725	1.53684114129	0.436127045727	2.49011759005025	2.5289902018624004	1.7476542188329967	1.0706224150842614	-0.3947292272405868	1.1268920408102192	0.476328654361	0.481583182635
chromhmm9	9_Txn_Transition	-0.08532201912326667	1.1017604768291676	-0.005714305215010177	0.599458767663	0.334486841632	-0.042101433965135236	1.31539138075	0.450525265815	1.5026621651346228	1.4243731785752443	1.238950638187986	0.9873573791342014	1.0619726011491013	1.0183269868320113	0.821935329564	1.20047764055
segway_nar_K562	EnhF1	-0.060796743603886275	0.1123195118856056	-0.13979005523909988	0.483947350966	0.27966332749	-0.20375698378388293	0.625698641023	0.536353227148	-0.4916507743974139	-0.3952897946424676	-0.10307052292788761	0.14136569175186225	0.4592835517883445	0.24769253778097947	0.581126918473	0.868961291153
segway_nar_K562	EnhF2	0.6527663376187884	0.6109456622440189	0.6136676569788524	0.593894137414	0.336643896396	0.4150914401647131	0.802239865285	0.534883539174	0.4477058016318206	0.28050722414912554	0.5748647207922507	0.4865871647978362	1.5169329300458	0.49838809995169037	1.12412078116	1.52550542252
segway_nar_K562	EnhF3	2.205561699589558	1.0594399045300094	1.7587800621463439	1.26280923957	0.374916481678	1.4601155240958437	0.846726539711	0.510672391646	1.0271867968343684	0.6926749876514481	1.229365848411541	1.007747211050475	2.512121372836944	1.0428812268507652	1.81092266243	1.78783184765
segway_nar_K562	CtcfO	1.2143562275761026	1.0422111685756357	0.9632550247477845	0.480515404205	0.623812168276	1.5375396785132522	0.50153998092	0.50058692573	1.130354936871886	0.8911930093256081	0.8448115155701026	0.9118261126414917	0.4309977210508415	0.9806685684372386	0.482553845437	0.937946337982
segway_nar_K562	PromF	3.2978201805729888	1.3459015246471466	3.2066632959258885	2.80632535802	0.317613281113	2.3304672792474777	0.651001388564	0.429593816683	1.5182721099698404	0.9359854522332341	1.627956322757094	1.2059998249664274	3.791032930922628	1.2851144034371926	2.31403362629	1.69819135092
segway_nar_K562	Repr4	-0.27821746773350536	0.1850769075611003	-0.11849125516961342	0.494233871098	0.97595241943	-0.17156407994909906	0.413921626587	0.555796471165	-0.30259487581116407	-0.36401221446962545	-0.11824360025198359	0.02005219149603415	-0.20072204716507314	0.05628182390775916	0.391312283985	0.347594034717
segway_nar_K562	Repr2	1.018333364701421	0.7384089497618662	1.2961643579354607	0.379420976127	1.66142667013	1.2118233110029284	0.184860034118	0.416132030082	1.2361746220007168	0.9440324070132445	0.9870707929891612	0.5076825747805881	1.1509175254687731	0.2797246457642875	0.272922576176	1.14523979286
segway_nar_K562	Repr3	-0.10249308759080805	0.1856377662431833	-0.014772558947743587	0.438773021906	1.50270501174	-0.05921791579657113	0.288780275938	0.498686869862	-0.13588636218058256	-0.15557088695060303	0.13191286509106037	0.051392746891365616	0.07296976680193143	0.06128591396398104	0.337260152523	0.306134671273
segway_nar_K562	Repr1	0.1566006249795298	0.6668371428664769	0.4999472490393272	0.485235501949	1.97223502826	0.3059904375466938	0.371144090762	0.595838970967	0.766836680471121	0.4278216800103262	0.5671321842507414	0.3109917739226027	0.45471233041083375	0.1452607780231457	0.563937883941	0.53103530066
segway_nar_K562	Tss	4.820726896473698	1.8718474635080644	5.487468158593266	3.63810354607	0.310593733098	4.8871004923872166	0.442372305631	0.410334158399	1.3730813454929172	0.1489793922631944	1.5949368691979031	1.543638207634413	4.1154421332776145	1.4431302729393831	3.38165218216	1.78640949524
segway_nar_K562	ElonW	-0.43670522745265483	0.7031477973525654	-0.42884837727455877	0.44189584495	0.211322823873	-0.40895935723512794	1.1731132613	0.521245940118	1.5142782449437342	1.62389510943662	0.9172754836091799	0.5767587489244704	-0.4030063861467902	0.771233008154745	0.335823668661	0.325649358601
segway_nar_K562	EnhP	1.2404107747256634	1.032862526862726	1.5377896288900066	0.533918603141	1.24765573148	1.4520401491457529	0.388204339079	0.573777871111	0.822603082320084	0.31976528870103754	0.7288611847461588	0.5130294758454904	1.0619516210329356	0.4836590078967295	0.527004714675	1.15565488657
segway_nar_K562	Gen3'2	0.5022526238520179	2.0033434002517994	0.7573540813241239	0.489009329839	0.404059755631	0.6311788463568794	1.45852194728	0.529160045554	2.343829276087324	2.118649315018142	2.1318496631200547	2.0376628289435974	1.1685909118466393	1.7485651498043255	0.876463430692	1.21260942338
segway_nar_K562	EnhWf	0.6181391624256768	0.5538390471459704	0.6222598986550101	0.34623702845	0.43216796838	0.7581709722379528	0.340689036906	0.369543844223	0.8667960826506035	0.8246679936279269	0.9212420542583379	0.5836733814738669	0.9778439380841714	0.3825577755530115	0.323214145805	1.18923722848
segway_nar_K562	Gen3'1	0.4535467127418823	1.7925007385209455	0.535916116793804	0.360001793008	0.370036446764	0.5764362672567774	1.00842433159	0.41227804039	2.478910636482671	2.5182845122816593	2.199926962612835	1.8411842954116042	0.7608816266192303	1.5860719122825335	0.410970058052	0.886412754896
segway_nar_K562	Quies	-0.9309418343053838	-1.0242621637508036	-1.2468997871765732	0.338965042471	0.121417732792	-1.1891099487022299	0.182062698465	0.489358865098	-1.7855946222947738	-1.379411587439023	-1.0054644669788413	-0.6991439161964412	-1.1048620186346936	-0.7403744275591874	0.0930079016307	0.100624473589
segway_nar_K562	Enh1	3.953814602635362	1.4046097271214413	3.517586964695486	1.48011789497	0.27697197729	5.136486534966611	0.462905974536	0.33899643234	0.696107066584251	0.4132898832815301	1.1213694731842228	1.4659515912607337	1.831790366326816	1.2555407937928635	2.05588284162	1.75640843618
segway_nar_K562	Enh2	1.2076620070779416	0.5270895877299756	0.8321172916999033	0.61464556223	0.40530054698	1.5738407018523406	0.698789666078	0.538465582307	0.1685681840460593	0.07840111777091964	0.44723566013471994	0.4686135132923837	0.7430091342586098	0.3059286452372496	1.23973178238	1.48875963409
segway_nar_K562	Low6	-1.0580452336219999	-0.7554886087436873	-1.2816769606776848	0.497386484321	0.202055940961	-1.3041343892429822	0.467765782518	0.684385099113	-0.9537590299051949	-0.6924468150345403	-0.8117042005496943	-0.5741425597878396	-1.062941342637049	-0.4103070837862266	0.228798013852	0.205090985149
segway_nar_K562	Low4	-0.3328351667312837	-0.29970537646245604	-0.34703109533617854	0.472559934531	0.413947383011	-0.20719073676573035	0.344874263545	0.640586520025	-0.9124475147884052	-0.8829808493947244	-0.5269883131690032	-0.3127451582488593	-0.5530593913053123	-0.2710225717116785	0.245824502816	0.216224351463
segway_nar_K562	Low5	-0.520247102707814	-0.3950695317237068	-0.6768822594715849	0.440251077414	0.726488567677	-0.6992114132019371	0.279888112594	0.505490632709	-1.115269358004733	-0.8059188730130161	-0.4612384197671592	-0.22545687071122664	-0.539590709964009	-0.16973477476698995	0.221015847984	0.201668579395
segway_nar_K562	Low2	-1.2264012562163262	-1.151057347933277	-1.6929589950310584	0.438066768107	0.178075874375	-1.5941194546471629	0.245929291539	0.545572974377	-1.5727609495528596	-1.1942326166039912	-1.1598770332391934	-0.76665490467499	-1.3814731478444173	-0.7250601098231502	0.115215969439	0.15341877955
segway_nar_K562	Low3	-0.2695393680240518	-0.09782829680726855	-0.17313921625809237	0.454613067079	0.526258900474	-0.22358138388207116	0.370000994794	0.602431521487	-0.8920401312522326	-0.8639587737614396	-0.38404146186041355	-0.26249625732968423	-0.349411670748093	-0.23474315583120386	0.308314759168	0.312531228857
segway_nar_K562	Low1	-0.7418504983827644	-0.35124055107734065	-0.955124711143058	0.478030869813	0.313581955154	-0.9628479598669233	0.42964618196	0.531136232726	-0.46360675418686875	-0.3204015813475016	-0.5305919773789456	-0.17465660595637708	-0.6352203805136386	-0.007891621860180687	0.234918267876	0.292468337774
segway_nar_K562	Elon	-0.3957098475778391	0.946747495743738	-0.07451699299801874	0.474555557151	0.297368507224	-0.1769787277102476	1.4173226012	0.544229710705	1.9354948395049854	1.723462444209478	1.035753800598345	0.6709381829304152	0.04847086989815182	0.6916910986173448	0.579594614223	0.496386819612
roadmap18	5_Tx	0.002170283961755565	1.6805098560981027	0.060756054892610316	0.472458426282	0.303406148219	0.0581758209607225	1.64583596678	0.459581918907	2.905513256921596	2.8820017794927875	2.1519087422435317	1.384748125880936	-0.24737734189429175	1.4512317499891123	0.54550534378	0.534008051861
roadmap18	6_TxWk	-0.21199816272825955	0.5761329519876801	-0.29348141700828567	0.479412074453	0.343760858171	-0.29392364098291746	0.815078368852	0.439372402256	1.0430963931435802	1.2119391974345994	0.7446491771011704	0.7102303342207664	0.45529899495864035	0.691906734833683	0.455184460119	0.582253861675
roadmap18	15_EnhBiv	2.290156223299063	1.464273128596121	2.1090125174197314	1.06047770936	2.12343522183	2.07413769835901	0.446957951518	0.556512765405	1.1516122413512468	0.7826966077128404	1.8202206184126555	1.2795602927877432	2.386033317212257	1.2783485293619299	0.587400787716	1.6265217145
roadmap18	10_EnhA2	0.7805536977430713	0.22649818694293922	0.3482281321527401	0.7339493695	0.47433320941	0.554095868407796	0.538189888756	0.493333241659	-0.4254447050431792	-0.3580050167641465	0.199517668923737	0.4230749936616766	0.6598172396285631	0.37257575392312214	0.873826941796	1.0592342322
roadmap18	14_TssBiv	3.997914847064511	1.7850172558926043	4.225451898758191	2.25087988149	2.05003764871	4.141219448966396	0.305070645535	0.426892786785	1.3458182133859455	0.5870944451640635	2.0350025996729624	1.0491771997109043	3.308639509819624	1.2136496815491291	0.688794906007	1.46406790084
roadmap18	17_ReprPCWk	0.1338863799102939	0.27323438137653555	0.09415015136097633	0.491119884437	1.03309270401	0.0887881431259871	0.319303120404	0.469722074503	0.02388533754794297	0.011914262633391319	0.3170326921769483	0.3184704836523118	0.3625520841516752	0.30720694062843173	0.288895005428	0.456270653338
roadmap18	1_TssA	4.602860745536489	1.5328722954927407	5.002794114615006	2.80972662449	0.611819787114	4.897264525393357	0.405997640423	0.392589399854	1.1420687442720239	0.06053316199681788	1.478347534223822	1.320170882840014	4.014369202170024	1.3239585676653576	2.55987240057	1.07681353091
roadmap18	9_EnhA1	0.44214830322481563	0.3083818211083333	0.23815023839102897	0.756859828842	0.563963483007	0.266850743925441	0.620805274509	0.537791947785	-0.22245781176250662	-0.27148709262407184	0.34603141530307746	0.3703155192616919	0.6631461680035436	0.3410196846331496	1.23695658149	1.41554891541
roadmap18	7_EnhG1	0.25630288294679493	1.8211005161451013	0.36490059358453836	0.653402174231	0.382594152898	0.31513858267266026	1.49227245338	0.501527906972	2.424790570664819	2.2750018127813956	2.0931471259741334	1.6126768106667957	1.0302301149476805	1.6699794681555415	0.941261272201	1.26244018738
roadmap18	11_EnhWk	0.4572511939682239	0.3924988483691799	0.3678936310341128	0.663267439696	0.589026482912	0.38177839101109823	0.584058189963	0.524684337702	0.11435748859235748	-0.021872829778013834	0.4387452975944747	0.38701749271111224	1.0067438052598952	0.34401264719528885	0.736261727142	1.28694073562
roadmap18	12_ZNF/Rpts	0.572830288057192	0.9727832786481939	0.7128261265347928	0.650210889655	0.524602345855	0.6816365256848785	0.640345720821	1.51228509709	-0.28296266883317556	-0.49982295523374237	0.5551427930431989	0.6754713105527577	0.27237090760084903	0.7444959923700042	0.361362908005	0.394174511203
roadmap18	4_TssFlnkD	2.6155563338003134	1.2211014372638496	2.1515958915200204	1.57162448575	0.69477677367	2.044197016937518	0.63645637336	0.539053161977	1.4727046277471865	0.9827186165941592	1.4076650359520861	0.984812459750512	3.0107692181426233	1.0794092209651036	1.2286679361	1.78455566671
roadmap18	8_EnhG2	1.0237394955734247	2.154159219862513	0.9807131812664882	1.04632238617	0.445879308497	0.9302502333918674	1.52386687039	0.590666768291	2.594415346088894	2.42937526689023	2.296124605051495	1.9321531012130713	1.3857121040976095	1.983957919223701	1.76051803991	1.75231179447
roadmap18	18_Quies	-0.7187146042451322	-0.5257348522168722	-0.7392214077258336	0.412132173972	0.387452609768	-0.7416731777809555	0.280882330638	0.48584385724	-1.02777893763478	-1.0368654963875796	-0.7249359470488184	-0.4946071429789971	-0.803512403719499	-0.5018072054545666	0.229758152003	0.265898476335
roadmap18	16_ReprPC	1.6237606156234135	1.1624766158174564	1.4910967979452925	0.57523780232	1.75989578858	1.4630250191580774	0.368598495509	0.53411501583	0.8145877017904954	0.5759348892163452	1.3590335911648592	1.0934986577341792	1.817859254268918	1.1375222777088143	0.416742913887	0.783996766854
roadmap18	13_Het	-0.3403581798540031	-0.23708910537948819	-0.3882325958714494	0.50773605719	0.444349936687	-0.3771975993265091	0.31277294128	0.919468223277	-1.4869150668483762	-1.5008317166246767	-0.5766044752250563	-0.16525931302101762	-0.6421630531398476	-0.1748841558420418	0.218144526699	0.240345308135
roadmap18	3_TssFlnkU	3.023116859048024	1.2862791669607172	2.218486418345018	1.71999874149	0.586973866575	2.1307124450990673	0.648359821795	0.542907407908	0.9839171315180293	0.47007698728658664	1.2614835145762926	1.1972044171419614	2.735811471763119	1.2367214573170997	2.41737496578	1.88157103897
roadmap18	2_TssFlnk	3.924899355774449	1.0611869396459068	3.7845207011256288	1.93925583517	0.569734915587	4.257502584814509	0.4083510344	0.416419472415	0.8042669206519711	0.24383040018611354	1.1864834238060114	0.8624882313144417	3.3252350306561906	0.9873510845160363	1.00412547073	1.209194373
