orig_label	(07) 5' flanking (1000-10000 bp)	(11) internal exons	(13) terminal exon	(14) terminal intron	(16) 3' flanking (1000-10000 bp)	(09) initial exon	(10) initial intron	(15) 3' flanking (1-1000 bp)	(05) H3K27ac	(04) H3K4me3	(12) internal introns	(02) H3K27me3	(06) H3K4me1	(08) 5' flanking (1-1000 bp)	(03) H3K36me3	(01) H3K9me3
PromF	1.1830021340335526	0.4909843819094906	0.5184115135485424	0.5842414512642017	0.6135735666349079	0.8488258532198293	2.4972488975025877	0.6146307544398045	0.724783301063	1.30450839279	0.12492370502696919	0.514503374556	1.53583039189	0.6729232578154891	0.595089124772	0.565950142862
CtcfO	0.9517498213317592	1.4433668643986732	1.1402945149841581	1.2144794043969958	1.214760440669444	0.7295007426821241	0.6030928538105845	1.1538560578214982	0.669823034749	0.835963908309	1.3783454515635005	0.601992335431	1.11886552555	0.9585203488381967	0.626840645328	0.629078665568
Enh	0.7287978673843433	-0.18440585005715207	0.2802331972428871	0.3577122572896984	0.36683579144767064	0.5042746492109917	0.6002790802254839	0.3193608392814387	2.81991339681	1.71124121561	-0.13991908963577063	0.419950996071	2.61589174887	0.6748670668069934	0.590975298164	0.557021853679
Low	-0.28780628929404245	-0.22727859071193054	-0.031185411706353697	-0.08373567593020083	0.04963201835919356	-0.3401343821530894	-0.13802326764047984	0.03619915784515514	0.325533807895	0.400729044733	-0.17913715351873755	0.582432049619	0.444534804505	-0.35045703599854156	0.444748289991	0.576829004165
PromP	3.926683344827078	1.2259484551370405	0.9792422446526209	1.6588110785909196	1.0301296545037122	3.6980273438961917	2.8299334914189025	0.7638749875012248	0.974663174812	2.40714141795	0.8469694016453932	0.629380687661	1.62339706794	3.8419471753125807	0.46304494247	0.561463292438
TssF	2.3330228177555994	1.819248164829439	1.55864098854494	1.7615522188184434	1.4995541262091474	1.5351917019577275	3.461855651101986	1.5750647658494716	2.07473877635	2.68786913904	1.439549002750796	0.497614232102	2.09804684511	1.2693899823800892	0.766641954022	0.594554592344
Tss	4.656724383082638	1.1490106110025762	1.631724520690335	1.629250791498183	1.4375921761065502	4.832006184925	3.8282964416581864	1.4731716912790804	3.5482589601	3.60195060719	0.29021985605816597	0.410339874622	1.3129994685	4.853607946820725	0.472162985726	0.500728062782
Ctcf	0.48799411829882844	0.6372812280093636	0.715931856042403	0.5098744434072564	0.4709498107344748	0.5776593219811691	0.24893167875661498	0.6696948525461544	0.456600149946	0.593042078053	0.42846588295238525	0.703051102072	0.659795294037	0.6109354689512824	0.538705234454	0.672201854445
EnhF	0.20581352852506202	-0.3123344905659732	0.23293806567374248	0.26094384730750514	0.2918830858099665	-0.007445119010867703	0.5918328357243683	0.27665159565817865	2.18583266026	1.0592612894	-0.31831839820186586	0.447194169825	2.36270680227	-0.05595837427020978	0.604050512611	0.630244325828
Pol2	1.2477979680733478	2.1799259464655636	2.32273832658232	2.42358594345449	2.477379853509179	1.3917176289548285	1.4501294822745132	2.38992070611117	0.617374916465	0.640879725723	2.239964182627608	0.459531359378	0.654725452055	1.6027453949194774	0.886759718398	0.574521506414
ElonW	-0.39274578052785114	1.7339888832725185	0.7401983630754663	1.280933792495958	0.8385231381651618	-0.7130633720470168	-0.3161086414716435	0.9150495380924915	0.382955731583	0.381125214405	2.1838182103809824	0.360877407968	0.436997081384	-0.6679284293715806	0.837929106934	0.474258634691
Repr	0.1146273828518702	0.2622797234450532	0.5568790938088014	0.27669779522094906	0.17005371087318438	0.44255350829635576	0.2862034467095242	0.22162914389947427	0.412742688734	0.650342381439	-0.18633287286632885	1.77258004227	0.486651246551	0.38772513527088825	0.520312968943	0.864313212018
EnhW	0.30007945926988927	-0.386446829534034	-0.13016665764656474	-0.17215088232054845	0.012105735937992555	0.07550407399049214	0.2674874326944507	-0.09743010860482734	1.07979139942	1.04361332609	-0.3808095830879361	0.460909745966	2.19674130433	0.21536379535043074	0.530484941612	0.581521924437
DnaseD	1.2681014749029362	1.974903591935026	1.1707281362467556	1.5845295619408768	0.9341692977864887	1.3705460234103313	1.5255406917372405	0.9875572342051256	0.585860179214	0.755373215736	1.9097446004513543	0.796336055882	0.741128267585	1.389487828418879	0.599519313182	0.694631189011
Quies	-0.9510855783177786	-1.3562193091393295	-0.8258047379634276	-1.0387028282088266	-0.8101452677363432	-0.9589262451972786	-1.1589242596601705	-0.8142440669225917	0.176119999885	0.237163764898	-1.3770034119369057	0.414995278425	0.259739524516	-0.9673048681409372	0.265057875962	0.453232317031
Gen5'	0.209424024536431	1.9675967878618539	1.4606812827630822	1.6237912974314486	1.3329633903145632	0.35938463420810157	1.638185179535184	1.33916329513689	1.21785010996	1.03094614812	1.8129449718824049	0.48385853734	1.79773364042	0.320198840327916	1.24006088199	0.677505965109
DnaseU	0.1220914168749702	-0.9834755219892638	-0.3016322741148074	-0.3359119906760594	-0.35173791152916545	0.07179106176684216	-0.44212371193070155	-0.28171515711638856	0.58725144292	0.612445010383	-0.8263565670375768	0.499740030222	1.26964440183	0.37158344866192705	0.480112666678	0.633837542323
FaireW	-0.5621423614150944	-1.7365148410187683	-0.6255553069912283	-0.2985058595616947	-0.26116067427872636	-0.8079255930084205	-0.1400266601119207	-0.5746738351208807	0.412437539191	0.379960790486	-0.814460434194715	0.408343482107	0.475790312598	-0.7817442043937041	0.392179859407	0.480623105849
EnhWF	-0.3392426774899857	-0.5988548662258133	-0.1611112850478784	-0.24867731202653764	-0.08471743834011405	-0.4345506402331539	0.32219752712780503	-0.06778254121098433	0.769152689694	0.651551733336	-0.6130536221353797	0.448399113767	1.8850452419	-0.493075952014036	0.530175369561	0.58660738892
Art	1.0358276138052254	1.6117726154008114	1.7784170255279335	1.6586890119986826	1.8998551504188996	1.05348708503755	0.7798725936603342	1.8363223924849859	0.806056224567	0.790235920178	1.4194762564982275	0.613520190869	0.946273656696	0.9788024237235632	0.859238673882	0.759215923153
H4K20	-0.38131390210227234	-0.01790559339709398	0.3258328456641393	-0.0226975721028094	-0.046451479453366695	0.08508118298062742	0.12085635009401897	0.07389407444579867	0.464239320488	0.577437187443	-0.14639836407697268	0.73791714619	0.58272117081	-0.14676595178551774	0.651676442445	0.748339465854
ReprW	0.036778223941218574	-0.48536832493863863	0.04493456187443126	0.07154723194610624	0.2163740059868345	-0.12359342142867502	0.05587811091468372	0.1930080311186807	0.304110704103	0.459430568314	-0.3681448450856385	1.21441767546	0.39059615431	-0.09007944375651995	0.39846713361	0.667396222806
Elon	-0.3277965431352117	2.8224356516114764	1.1955030817917882	1.5980226792686225	0.580903221611238	-0.15188170647165275	-0.5814967810852333	0.7474122404961443	0.536903408768	0.544939098588	2.6237362356509277	0.454221003161	0.562069726788	-0.17965923643445086	1.34990267439	0.647170308654
Gen3'	0.3699851528996096	2.834017569544394	2.152901729814969	2.4949043836145903	1.986385697699924	0.5408311332335723	0.4338014026370536	1.9592891576899165	0.746835989081	0.749183151194	2.857849811959749	0.516413510182	0.742727938784	0.4975326198236006	1.46702773983	0.708144954478
ReprD	0.3457177601129332	0.5028103536074277	0.6469229343150272	0.7246961411749919	0.19944568103295776	0.6704211881160161	0.5773981647731989	0.3062165175195466	0.496299252739	0.80004726328	0.26781286259294107	1.7665444116	0.591915436092	0.5719427916112406	0.543368373684	0.936288556266
