orig_label	(07) 5' flanking (1000-10000 bp)	(11) internal exons	(13) terminal exon	(14) terminal intron	(16) 3' flanking (1000-10000 bp)	(09) initial exon	(10) initial intron	(15) 3' flanking (1-1000 bp)	(05) H3K27ac	(04) H3K4me3	(12) internal introns	(02) H3K27me3	(06) H3K4me1	(08) 5' flanking (1-1000 bp)	(03) H3K36me3	(01) H3K9me3
16_EnhW1	2.4131187651561765	0.6156600576953404	1.2221687615099222	1.0419038266075087	1.0223303707966902	1.8787693385120139	1.9352732467961715	1.1194346072502526	0.726497979063	1.00309878221	0.26977429604231196	0.905774228114	1.43123903905	1.9636027352515344	0.36097615735	0.395827516018
25_Quies	-0.6603797878025182	-0.8880814798722383	-0.40825534017286336	-0.5833374758491682	-0.3483583412710407	-0.6872636968872547	-0.719626595097489	-0.3608212653192687	0.184427840896	0.468206364511	-0.8816502377204773	0.492276268092	0.279306607988	-0.6958443520720178	0.233083098668	0.548538827354
4_PromD2	1.1232356384913003	1.6171971634376368	1.0701541659937472	1.3715977374635822	0.7925483471503801	1.065096389689257	3.547456735098828	0.9265429052004243	1.45581088208	1.73033429645	1.2501467888040638	0.890823680326	1.53256022499	0.6280907310760573	0.651785495263	0.377280730914
6_Tx	0.25340077457231125	2.6571738907385116	1.5405168023407259	1.694891422173548	1.2609465127847326	0.4754168554670096	0.5662578691950937	1.3349055578717093	0.679654483171	0.497311269928	2.492635271170438	0.238181427291	0.853260622949	0.4061505246910976	2.01366085273	0.359535596845
14_EnhA2	1.578662473232091	0.22990100697576132	1.112881132020033	1.3193723607485148	1.176673219959155	1.3455002823140645	1.4420241742067115	1.2631152746664034	0.73968562155	0.725165451647	-0.0655778937807922	0.847511422163	1.2594453481	1.4001194080916373	0.459976982336	0.405233252552
19_DNase	0.9436534948590539	-0.23592886478484643	0.4159830552332281	0.18471659075667776	0.32630956202105016	0.8766476899911027	0.2580075754958945	0.3575235265905028	0.503751890575	0.634778718847	-0.34960889991254895	0.730476170554	1.00984754055	1.3324215221263058	0.357673667239	0.471955453251
24_ReprPC	1.5243701130819196	0.7264207267941524	1.1405948965275494	1.344012865174075	1.1463824158545428	1.2735189981038908	1.8308373349169245	1.1543353380823036	0.256476737496	0.539528647662	0.464752878294657	1.42061271547	0.691929701149	1.2774298187668438	0.275655351969	0.384275997008
21_Het	0.4471318742834541	-1.628291426799128	0.7410347370374281	-0.08387666808729598	0.641308786938176	0.5869974002930808	-0.2465971459625287	0.6781611068474159	0.177214295593	0.528264348617	-1.5555308736036906	0.498461450501	0.228902872667	0.6019506982639308	0.330437956171	1.62547449046
22_PromP	3.4365561294461227	0.8957521232421706	1.2976218973087377	1.317733242046527	1.0361485957988719	3.2293550991717797	2.6730175334174198	1.063738864893562	0.533884066075	0.849350447175	0.3906531251400627	0.69774644092	0.77480064147	3.48813123696251	0.306335933733	0.424943860797
15_EnhAF	0.7188663038621114	-0.22581463345372413	0.7030490295139862	0.9912092584525317	0.8301244484054419	0.6088536102515254	0.9175841520510751	0.7837894197172065	0.618013008995	0.568483102333	-0.19293445323212968	0.794102496686	1.07074514613	0.6004604874262092	0.464882135576	0.404619194173
7_Tx3'	-0.17831266725050346	2.802158160737517	1.581008287759214	2.053621705781173	1.2932530054766898	-0.10534163312290522	-0.6720546104315378	1.346060470436756	0.450757751181	0.469317017532	2.7661490575892045	0.225088503401	0.420018209691	-0.10629172980997591	1.75073231245	0.347384023138
17_EnhW2	0.47596239541690705	0.16220376156479002	0.5655072387304818	0.7461165465270939	0.7052899512103329	0.3992867713343275	0.877077185449071	0.6143676263473574	0.508475253733	0.553404828376	0.10873627618330195	0.803718724794	1.0218135866	0.3957672497023798	0.445903753286	0.391026967619
20_ZNF/Rpts	0.24031263450618365	1.087240787521412	1.7410784415566218	2.132848987319585	1.2196863974711047	0.3132132091604935	0.6413600432940845	1.2604637018086458	0.333510663841	0.555005664145	0.827272256666912	0.281347184155	0.343728670513	0.36735082297843263	1.44089350921	1.42114124178
10_TxEnh5'	-0.24284631279261457	0.7653644819636218	0.3573281993427435	0.6431552402932675	0.22564555634409705	-0.3138109735462364	1.3033388165234963	0.2551162539586913	1.02548327635	0.62239306377	0.6191305624330411	0.431995574028	1.40031723194	-0.39272413668337086	1.09399068602	0.359513301868
12_TxEnhW	-0.3843302210950925	-0.0681341919995827	0.05080124781944605	-0.025870044679071898	-0.04304470745969305	-0.2445815573045705	2.0495392837180906	-0.03726595155052585	0.986719337077	0.784419918485	-0.2568636438871462	0.374864777301	1.5473765068	-0.29871696617125393	1.04202795629	0.377015858085
1_TssA	5.528769213244623	0.04291702610048278	1.3529183958644908	0.7619354195426513	1.2717651949802917	5.7018301449359186	2.9765953448865576	1.1713872748167489	1.5469507743	1.79321525481	-1.037715167138895	0.556738568173	0.283315116309	6.660671860132157	0.0921364778977	0.128631031194
5_Tx5'	-0.5774284703462369	-1.122141477256113	-0.5205869331052325	-0.9436623660124934	-0.37456461254801854	-0.6742217252381089	1.3219915548289165	-0.4013523982988477	0.655958997084	0.574044997404	-0.959864190336906	0.252361932844	0.963217819951	-0.6728166623422192	0.939332405274	0.388127903613
18_EnhAc	0.6164709773603362	-0.3218577898436415	0.1879542776584484	0.20795259305237188	0.6172547851671907	0.6952545263970974	0.6894048380783037	0.45222996319687775	0.560749851792	0.603076299813	-0.21852687236014165	0.649344799225	0.831201693861	0.6978397798866868	0.416198056268	0.452737486456
2_PromU	4.724530856514433	0.8222757076694895	1.8757875334376444	1.829328504643107	1.6113964702148744	4.1284667108136235	3.0917687922697854	1.789384332355695	1.4554029551	1.86951116806	0.13594629563896962	1.17045208191	1.30302850148	4.290370261502494	0.281872218233	0.314099389306
8_TxWk	-0.47352954733632874	0.7420919747022782	0.33165598410452385	0.5615499507945754	0.6100173300703677	-0.6122698969124238	0.09286052424925531	0.5966675471053378	0.416450552603	0.490152756641	1.1891922599844647	0.251262120887	0.500239739105	-0.601354213412053	0.891775167993	0.340906141777
3_PromD1	4.3412775016340435	1.516371095215335	1.5277336317139554	1.6462449581496545	1.2000050773959385	4.97482100509176	4.311351044513674	1.1789204588370492	2.75809700562	2.70719573494	0.35724294725214556	1.33356291714	0.805543243093	4.472852094976211	0.343370387151	0.268586900756
13_EnhA1	1.855236318241487	0.9370960893050067	1.7846951604997838	1.838573685191006	1.7509670331990215	1.9263769915091868	1.8880174169879418	1.6040659745827872	0.844593739084	0.726323502167	0.6416204567200565	0.821537604853	1.23309804066	1.7801807056440455	0.538931745314	0.385600217264
23_PromBiv	3.6874207113109754	1.4174763975081572	1.8382413884600695	2.1344058998315774	1.3381817514027132	3.7691672292865137	3.1547524705737104	1.4799894405567628	0.466994936919	1.16051556873	0.8765668807086893	1.48351622315	1.18147811906	3.7616439113917775	0.253182069318	0.330014953731
9_TxReg	1.4350794859187717	1.784436724420435	1.8344792653064275	1.854845540072574	1.6952442592042558	1.4395324916741798	2.9134786016929635	1.7573362144930798	1.5356137297	1.36853989056	1.5671436978059645	0.811410968683	1.53697883979	1.241357999403598	0.978650201886	0.345059536676
11_TxEnh3'	0.35197316057770944	2.7683960373640617	2.3087853831853953	2.6487924611318134	2.0976413953538837	0.34785892467647145	0.29907378850887983	2.0677978605790024	0.680292376625	0.455144093624	2.6459730889462048	0.380403742331	0.829497724881	0.3575383547051983	1.51697691844	0.331647885786
